	Significant	y_pred	y_prob
0	1	False	0.10463086
1	1	False	0.15055513
2	1	True	0.8437707
3	1	True	0.84295934
4	1	True	0.85887533
5	1	True	0.5307207
6	0	False	0.09020018
7	0	False	0.101974964
8	0	False	0.110799745
9	0	False	0.09020018
10	0	False	0.08084714
11	0	False	0.064356536
12	0	False	0.07067691
13	0	False	0.07063339
14	0	False	0.069575675
15	0	False	0.06450954
16	0	False	0.06807999
17	0	False	0.06513563
18	0	False	0.07102027
19	0	False	0.073472254
20	0	False	0.074125886
21	0	False	0.079309136
22	0	False	0.07216632
23	0	False	0.062975466
24	0	False	0.0654555
25	0	False	0.07859237
26	0	False	0.14039049
27	0	False	0.07291212
28	0	False	0.07339118
29	0	False	0.07625812
30	0	False	0.07826784
31	0	False	0.07792509
32	0	False	0.074089885
33	0	False	0.078585275
34	0	False	0.067314394
35	0	False	0.08009226
36	0	False	0.08211132
37	0	False	0.07576532
38	0	False	0.07384996
39	0	False	0.066093236
40	0	False	0.06408681
41	0	False	0.07010454
42	0	False	0.07778464
43	0	False	0.07385794
44	0	False	0.06761193
45	0	False	0.07067691
46	0	False	0.07512928
47	0	False	0.07351209
48	0	False	0.07033458
49	0	False	0.08460663
50	0	False	0.07260133
51	0	False	0.0702159
52	0	False	0.09466274
53	0	False	0.06839834
54	0	False	0.071086675
55	0	False	0.07541616
56	0	False	0.08243313
57	0	False	0.084578276
58	0	False	0.087170176
59	0	False	0.086686224
60	0	False	0.08066151
61	0	False	0.12395581
62	0	False	0.14979276
63	0	False	0.15328608
64	0	False	0.1073102
65	0	True	0.23106289
66	0	True	0.3070311
67	0	True	0.27438715
68	0	True	0.4745661
69	1	True	0.88545114
70	1	True	0.6090566
71	1	True	0.83525026
72	1	True	0.49413258
73	1	True	0.48141912
74	0	True	0.2622129
75	0	False	0.12713252
76	0	False	0.11183825
77	0	False	0.11185133
78	0	False	0.12061933
79	0	False	0.08130786
80	0	False	0.07618865
81	0	False	0.08463661
82	0	False	0.0914325
83	0	False	0.088039085
84	0	False	0.09636046
85	0	False	0.094471425
86	0	False	0.074084304
87	0	False	0.06555785
88	0	False	0.078400746
89	0	False	0.0679689
90	0	False	0.06697433
91	0	False	0.06688017
92	0	False	0.061385304
93	0	False	0.066835046
94	0	False	0.068122335
95	0	False	0.07201712
96	0	False	0.06555785
97	0	False	0.06994964
98	0	False	0.06864997
99	0	False	0.07208568
100	0	False	0.08521091
101	0	False	0.075280055
102	0	False	0.07595308
103	0	False	0.0618549
104	0	False	0.06513213
105	0	False	0.08213468
106	0	False	0.069930956
107	0	False	0.06688017
108	0	False	0.07854444
109	0	False	0.07649052
110	0	False	0.0746663
111	0	False	0.09708015
112	0	False	0.07793123
113	0	False	0.060779307
114	0	False	0.07034249
115	0	False	0.0659194
116	0	False	0.0723343
117	0	False	0.06942544
118	0	False	0.07907983
119	0	False	0.08137991
120	0	False	0.06949014
121	0	False	0.07357145
122	0	False	0.0671107
123	0	False	0.07208158
124	0	False	0.10004459
125	0	False	0.07647747
126	0	False	0.077506624
127	0	False	0.06692153
128	0	False	0.06931532
129	1	True	0.5552997
130	1	True	0.38144222
131	1	True	0.4753152
132	1	True	0.43922547
133	1	True	0.19795464
134	1	False	0.17414267
135	1	True	0.38877624
136	1	True	0.83187866
137	1	True	0.8119582
138	1	True	0.45156717
139	1	True	0.35398227
140	1	True	0.8439169
141	0	False	0.05173521
142	0	False	0.05385386
143	0	False	0.051271684
144	0	False	0.054297198
145	0	False	0.054968372
146	0	False	0.053095017
147	0	False	0.049040057
148	0	False	0.055148046
149	0	False	0.05870951
150	0	False	0.0502161
151	0	False	0.0524628
152	0	False	0.062258266
153	0	False	0.052212827
154	0	False	0.052959763
155	0	False	0.05097541
156	0	False	0.0502161
157	0	False	0.05300393
158	0	False	0.051115535
159	0	False	0.058259446
160	0	False	0.056286793
161	0	False	0.055867642
162	0	False	0.049751677
163	0	False	0.058013987
164	0	False	0.05495455
165	0	False	0.055221785
166	0	False	0.052242707
167	0	False	0.04873847
168	0	False	0.05470801
169	0	False	0.06284715
170	0	False	0.06169941
171	0	False	0.060947597
172	0	False	0.062228758
173	0	False	0.06459234
174	0	False	0.065163516
175	0	False	0.06151877
176	0	False	0.060952876
177	0	False	0.06753351
178	0	False	0.077099375
179	0	False	0.061788555
180	0	False	0.06145086
181	0	False	0.111188754
182	0	False	0.10673626
183	0	False	0.09499194
184	0	False	0.089292385
185	0	False	0.075953804
186	0	False	0.087681554
187	0	False	0.09450218
188	0	False	0.13304764
189	0	False	0.092300594
190	0	False	0.15444863
191	0	True	0.29980835
192	0	False	0.19430207
193	0	True	0.20400693
194	0	False	0.15523207
195	0	True	0.24521062
196	0	True	0.37229228
197	0	True	0.2906194
198	0	True	0.32807195
199	0	True	0.28091404
200	0	False	0.18622632
201	0	True	0.3809991
202	0	True	0.35514736
203	0	False	0.11670661
204	0	False	0.15089506
205	0	False	0.096762545
206	0	False	0.097182065
207	0	False	0.116402686
208	0	False	0.11516407
209	0	False	0.096047826
210	0	False	0.090051524
211	0	False	0.08278264
212	0	False	0.100153394
213	0	False	0.06504385
214	0	False	0.063495465
215	0	False	0.068078786
216	0	False	0.056539286
217	0	False	0.05949997
218	0	False	0.060858816
219	0	False	0.054282937
220	0	False	0.057265215
221	0	False	0.06164255
222	0	False	0.06265303
223	0	False	0.06395628
224	0	False	0.07107891
225	0	False	0.06306369
226	0	False	0.06108704
227	0	False	0.058441997
228	0	False	0.064328074
229	0	False	0.057208065
230	0	False	0.055673223
231	0	False	0.052804828
232	0	False	0.05442526
233	0	False	0.056897946
234	0	False	0.05713788
235	0	False	0.05386482
236	0	False	0.05002175
237	0	False	0.052865043
238	0	False	0.052658364
239	0	False	0.056140773
240	0	False	0.08590274
241	0	False	0.08381157
242	0	False	0.081566624
243	0	False	0.09330044
244	0	False	0.08967581
245	0	False	0.08833024
246	0	False	0.08484811
247	0	False	0.0935014
248	0	False	0.10541395
249	0	False	0.09025482
250	0	False	0.09694521
251	0	False	0.10675285
252	0	False	0.08845103
253	0	False	0.08702948
254	0	False	0.0970793
255	0	False	0.092905186
256	0	False	0.08092983
257	0	False	0.07468066
258	0	False	0.08992134
259	0	False	0.09253393
260	0	False	0.09529788
261	0	False	0.09087552
262	0	False	0.10184086
263	0	False	0.10338681
264	0	False	0.09241282
265	0	False	0.09203344
266	0	False	0.097486325
267	0	False	0.09769209
268	0	False	0.11001167
269	0	False	0.09835701
270	0	False	0.09104224
271	0	False	0.08898937
272	0	False	0.092786714
273	0	False	0.09284708
274	0	False	0.110195085
275	0	False	0.07846924
276	0	False	0.094597995
277	0	False	0.086676165
278	0	False	0.08754993
279	0	False	0.13395713
280	0	False	0.13638683
281	0	False	0.16938345
282	0	False	0.14820749
283	0	False	0.18631253
284	0	True	0.29038042
285	0	True	0.48314494
286	0	True	0.20504148
287	0	False	0.14891289
288	0	True	0.21742891
289	0	False	0.1809251
290	0	True	0.19981028
291	0	False	0.15800515
292	1	False	0.14110498
293	1	True	0.25988495
294	1	False	0.1735583
295	0	False	0.11778979
296	0	False	0.14126535
297	0	False	0.14384277
298	0	False	0.15598455
299	0	False	0.11790593
300	0	False	0.11703008
301	0	False	0.12977515
302	0	False	0.13560097
303	0	False	0.12006776
304	0	False	0.099628605
305	0	False	0.093737595
306	0	False	0.106344424
307	0	False	0.08594395
308	0	False	0.08580472
309	0	False	0.09255897
310	0	False	0.08151645
311	0	False	0.07989362
312	0	False	0.085973494
313	0	False	0.08980959
314	0	False	0.0882965
315	0	False	0.08469987
316	0	False	0.0853935
317	0	False	0.09051114
318	0	False	0.0840105
319	0	False	0.082087025
320	0	False	0.08129276
321	0	False	0.0807208
322	0	False	0.09934558
323	0	False	0.09332063
324	0	False	0.0939407
325	0	False	0.09445734
326	0	False	0.08971893
327	0	False	0.09589438
328	0	False	0.090110235
329	0	False	0.08716341
330	0	False	0.08350821
331	0	False	0.08846864
332	0	False	0.096988484
333	0	False	0.097448826
334	0	False	0.03221221
335	0	False	0.030075032
336	0	False	0.03014749
337	0	False	0.03373559
338	0	False	0.03157414
339	0	False	0.032254364
340	0	False	0.02952246
341	0	False	0.029013481
342	0	False	0.039872587
343	0	False	0.03417941
344	0	False	0.03840248
345	0	False	0.049634192
346	0	False	0.036644924
347	0	False	0.03417941
348	0	False	0.037298027
349	0	False	0.034607016
350	0	False	0.036524486
351	0	False	0.036047313
352	0	False	0.03991699
353	0	False	0.03780576
354	0	False	0.043952078
355	0	False	0.035208374
356	0	False	0.040390354
357	0	False	0.037983973
358	0	False	0.033402715
359	0	False	0.03157423
360	0	False	0.036417365
361	0	False	0.033192363
362	0	False	0.038757604
363	0	False	0.03906689
364	0	False	0.03565317
365	0	False	0.0436643
366	0	False	0.03961316
367	0	False	0.03931618
368	0	False	0.036412485
369	0	False	0.040877074
370	0	False	0.03916444
371	0	False	0.04891061
372	0	False	0.04789434
373	0	False	0.042312957
374	0	False	0.06125234
375	0	False	0.05335171
376	0	False	0.043259438
377	0	False	0.037716392
378	0	False	0.04299298
379	0	False	0.049461115
380	0	False	0.05972027
381	0	False	0.09377582
382	0	False	0.0540416
383	0	False	0.0531552
384	0	False	0.09727778
385	0	False	0.09522514
386	0	False	0.06273897
387	0	False	0.054312013
388	0	False	0.06740816
389	0	False	0.098838784
390	0	False	0.10733466
391	0	False	0.118060745
392	0	False	0.07692484
393	0	False	0.05515803
394	0	False	0.11985676
395	0	False	0.07223199
396	0	False	0.04996332
397	0	False	0.053909123
398	0	False	0.07985155
399	0	False	0.07300497
400	0	False	0.12215394
401	0	False	0.07926969
402	0	False	0.07111738
403	0	False	0.07724723
404	0	False	0.09133419
405	0	False	0.08692217
406	0	False	0.10602623
407	0	False	0.09810246
408	0	False	0.148543
409	0	False	0.09565615
410	0	False	0.104491204
411	0	True	0.46219978
412	0	True	0.34212327
413	0	True	0.34791535
414	0	True	0.46893042
415	0	True	0.576228
416	0	True	0.33742347
417	0	False	0.101530425
418	0	False	0.05445452
419	0	False	0.056637853
420	0	False	0.057020556
421	0	False	0.05042827
422	0	False	0.05491793
423	0	False	0.042395223
424	0	False	0.061680783
425	0	False	0.046156295
426	0	False	0.03918926
427	0	False	0.043410487
428	0	False	0.038129058
429	0	False	0.033252083
430	0	False	0.033599105
431	0	False	0.035078783
432	0	False	0.044052742
433	0	False	0.039286412
434	0	False	0.03977289
435	0	False	0.043492388
436	0	False	0.04256678
437	0	False	0.042900745
438	0	False	0.04001222
439	0	False	0.04048903
440	0	False	0.05060242
441	0	False	0.04189553
442	0	False	0.04517918
443	0	False	0.053192742
444	0	False	0.043158013
445	0	False	0.04073245
446	0	False	0.043888725
447	0	False	0.04189553
448	0	False	0.046950426
449	0	False	0.04535836
450	0	False	0.0595931
451	0	False	0.046976086
452	0	False	0.05226547
453	0	False	0.04588436
454	0	False	0.05170876
455	0	False	0.04476364
456	0	False	0.039173916
457	0	False	0.04663586
458	0	False	0.05171621
459	0	False	0.05800144
460	0	False	0.04883421
461	0	False	0.050218653
462	0	False	0.051963158
463	0	False	0.051026206
464	0	False	0.05008343
465	0	False	0.05681073
466	0	False	0.05356823
467	0	False	0.0641565
468	0	False	0.059554335
469	0	False	0.053268623
470	0	False	0.09694786
471	0	False	0.08543133
472	0	False	0.09762761
473	0	False	0.08724924
474	0	False	0.09854067
475	0	False	0.1070172
476	0	False	0.16015929
477	0	False	0.1315924
478	0	True	0.25876883
479	0	True	0.43855655
480	0	True	0.46597508
481	0	True	0.3672645
482	1	True	0.5709629
483	1	True	0.8502234
484	1	True	0.71583885
485	0	False	0.16689898
486	0	False	0.17109565
487	0	False	0.14468275
488	0	False	0.18677667
489	0	False	0.12468169
490	0	False	0.10082463
491	0	False	0.11780442
492	0	False	0.12922333
493	0	False	0.10891047
494	0	False	0.07733053
495	0	False	0.0722761
496	0	False	0.094038375
497	0	False	0.076321416
498	0	False	0.07230671
499	0	False	0.06653484
500	0	False	0.055512927
501	0	False	0.056127563
502	0	False	0.06303665
503	0	False	0.057765666
504	0	False	0.05688233
505	0	False	0.058419134
506	0	False	0.058362752
507	0	False	0.06399119
508	0	False	0.056827214
509	0	False	0.04981628
510	0	False	0.047274202
511	0	False	0.042944957
512	0	False	0.044917822
513	0	False	0.042828754
514	0	False	0.04030177
515	0	False	0.042010263
516	0	False	0.04576435
517	0	False	0.04419358
518	0	False	0.0434055
519	0	False	0.041173
520	0	False	0.040169273
521	0	False	0.04013961
522	0	False	0.044548504
523	0	False	0.04291849
524	1	False	0.14653473
525	1	True	0.65953124
526	1	True	0.7326278
527	1	False	0.1871119
528	1	False	0.12399848
529	1	True	0.43711838
530	1	True	0.6993842
531	1	True	0.55855143
532	1	True	0.20461804
533	0	False	0.03768414
534	0	False	0.040393226
535	0	False	0.03856484
536	0	False	0.04012294
537	0	False	0.04332485
538	0	False	0.03786016
539	0	False	0.071687594
540	0	False	0.06716633
541	0	False	0.04387151
542	0	False	0.048186652
543	0	False	0.049893234
544	0	False	0.055996686
545	0	False	0.053800885
546	0	False	0.08073328
547	0	False	0.11825622
548	0	False	0.06831664
549	0	False	0.06770404
550	0	False	0.08058708
551	0	False	0.07774531
552	0	False	0.09814894
553	0	False	0.12487265
554	0	False	0.08077587
555	0	False	0.10156218
556	0	False	0.092176884
557	0	False	0.04753588
558	0	False	0.06088204
559	0	False	0.059844997
560	0	False	0.06727507
561	0	False	0.053562015
562	0	False	0.05891067
563	0	False	0.06257639
564	0	False	0.052599985
565	0	False	0.054097854
566	0	False	0.050444596
567	0	False	0.0534716
568	0	False	0.047116287
569	0	False	0.051915538
570	0	False	0.060775198
571	0	False	0.04815515
572	0	False	0.045202337
573	0	False	0.045964003
574	0	False	0.045964003
575	0	False	0.055502776
576	0	False	0.03756358
577	0	False	0.044086963
578	0	False	0.03693543
579	0	False	0.044896167
580	0	False	0.037659243
581	0	False	0.03940572
582	0	False	0.03963246
583	0	False	0.040899057
584	0	False	0.034606475
585	0	False	0.04707347
586	0	False	0.04079412
587	0	False	0.04859657
588	0	False	0.038280398
589	0	False	0.041055046
590	0	False	0.04951902
591	0	False	0.043225735
592	0	False	0.061524756
593	0	False	0.054331228
594	0	False	0.048803363
595	0	False	0.047629848
596	0	False	0.06485906
597	0	False	0.042141616
598	0	False	0.040081475
599	0	False	0.039892588
600	0	False	0.036368392
601	0	False	0.03837333
602	0	False	0.038847372
603	0	False	0.035974376
604	0	False	0.038729575
605	0	False	0.040077094
606	0	False	0.03812786
607	0	False	0.038167972
608	0	False	0.040287618
609	0	False	0.039645545
610	0	False	0.04202607
611	0	False	0.03871526
612	0	False	0.04099391
613	0	False	0.03855729
614	0	False	0.042846505
615	0	False	0.044312734
616	0	False	0.04261866
617	0	False	0.045166295
618	0	False	0.048460636
619	0	False	0.041155223
620	0	False	0.073657624
621	0	False	0.067512445
622	0	False	0.044215754
623	0	False	0.046423115
624	0	False	0.04387817
625	0	False	0.04488594
626	0	False	0.04999169
627	0	False	0.048991915
628	0	False	0.050013874
629	0	False	0.05077005
630	0	False	0.04955555
631	0	False	0.061499473
632	0	False	0.050869215
633	0	False	0.0707328
634	0	False	0.07207058
635	0	False	0.06630297
636	0	False	0.06585659
637	0	False	0.06046238
638	0	False	0.053997975
639	0	False	0.056333367
640	0	False	0.06602783
641	0	False	0.07859895
642	0	False	0.08255339
643	0	False	0.089928076
644	0	False	0.056043863
645	0	False	0.08967256
646	0	False	0.052960075
647	0	False	0.05441888
648	0	False	0.09459916
649	0	False	0.11935513
650	0	False	0.11276718
651	0	False	0.09299557
652	0	True	0.37984654
653	0	False	0.15277016
654	0	False	0.057448067
655	0	False	0.057967488
656	0	False	0.049762275
657	0	False	0.053277716
658	0	False	0.056115158
659	0	False	0.060102742
660	0	False	0.05795623
661	0	False	0.055254668
662	0	False	0.04927838
663	0	False	0.073184736
664	0	False	0.054853648
665	0	False	0.07805087
666	0	False	0.05307323
667	0	False	0.050996393
668	0	False	0.06697141
669	0	False	0.063182004
670	0	False	0.06671058
671	0	False	0.057522945
672	0	False	0.059843287
673	0	False	0.057920575
674	0	False	0.07827536
675	0	False	0.047160335
676	0	False	0.045566633
677	0	False	0.042884517
678	0	False	0.040356312
679	0	False	0.04961322
680	0	False	0.05064439
681	0	False	0.044071995
682	0	False	0.044630297
683	0	False	0.046543088
684	0	False	0.042678956
685	0	False	0.041256208
686	0	False	0.043866113
687	0	False	0.04678173
688	0	False	0.048097163
689	0	False	0.045930546
690	0	False	0.050595086
691	0	False	0.047516096
692	0	False	0.027090183
693	0	False	0.028095907
694	0	False	0.027205268
695	0	False	0.026656967
696	0	False	0.03204206
697	0	False	0.030983616
698	0	False	0.052986927
699	0	False	0.061033335
700	0	False	0.037346553
701	0	False	0.04022404
702	0	False	0.03711195
703	1	False	0.06865102
704	0	False	0.042091478
705	0	False	0.02890287
706	0	False	0.029545402
707	0	False	0.034458485
708	0	False	0.03587265
709	0	False	0.031451803
710	0	False	0.04620027
711	0	False	0.043284588
712	0	False	0.03743215
713	0	False	0.040993433
714	0	False	0.042092264
715	0	False	0.028242175
716	0	False	0.031644903
717	0	False	0.030996636
718	0	False	0.03482231
719	0	False	0.032245822
720	0	False	0.029030347
721	0	False	0.030574344
722	0	False	0.030594863
723	0	False	0.032532025
724	0	False	0.029276062
725	0	False	0.030762382
726	0	False	0.028366268
727	0	False	0.032567047
728	0	False	0.03572569
729	0	False	0.02862324
730	0	False	0.028439853
731	0	False	0.029320605
732	0	False	0.029320605
733	0	False	0.04065774
734	0	False	0.024925046
735	0	False	0.030488767
736	0	False	0.02634504
737	0	False	0.028386159
738	0	False	0.027190818
739	0	False	0.028096765
740	0	False	0.02690118
741	0	False	0.027761875
742	0	False	0.025868231
743	0	False	0.032351803
744	0	False	0.029587846
745	0	False	0.034814965
746	0	False	0.02677734
747	0	False	0.027241718
748	0	False	0.032363515
749	0	False	0.031373337
750	0	False	0.044626944
751	0	False	0.045162365
752	0	False	0.034737162
753	0	False	0.03251842
754	0	False	0.050265692
755	0	False	0.02951623
756	0	False	0.02663878
757	0	False	0.026192298
758	0	False	0.024622848
759	0	False	0.026092336
760	0	False	0.026418835
761	0	False	0.024108721
762	0	False	0.023432888
763	0	False	0.02605188
764	0	False	0.024767194
765	0	False	0.02392663
766	0	False	0.025279269
767	0	False	0.02666429
768	0	False	0.02636387
769	0	False	0.026340498
770	0	False	0.0260881
771	0	False	0.022814363
772	0	False	0.01713486
773	0	False	0.018524727
774	0	False	0.019247573
775	0	False	0.020334689
776	0	False	0.021689333
777	0	False	0.018261872
778	0	False	0.032630894
779	0	False	0.03158181
780	0	False	0.018227473
781	0	False	0.021988695
782	0	False	0.021759963
783	0	False	0.02279169
784	0	False	0.028545726
785	0	False	0.027369188
786	0	False	0.027937125
787	0	False	0.026990699
788	0	False	0.027215606
789	0	False	0.035511106
790	0	False	0.028534824
791	0	False	0.045093633
792	0	False	0.054018326
793	0	False	0.036741298
794	0	False	0.04131951
795	0	False	0.032482553
796	0	False	0.03181278
797	0	False	0.042210482
798	0	False	0.036320604
799	0	False	0.04595304
800	0	False	0.04055828
801	0	False	0.041416835
802	0	False	0.04390915
803	0	False	0.038039062
804	0	False	0.15473951
805	0	False	0.1273281
806	1	True	0.19920085
807	1	True	0.26089132
808	0	False	0.14089514
809	0	False	0.08655147
810	0	False	0.04062197
811	0	False	0.038468476
812	0	False	0.037794996
813	0	False	0.047043417
814	0	False	0.021207541
815	0	False	0.025873994
816	0	False	0.022120323
817	0	False	0.023892239
818	0	False	0.028508743
819	0	False	0.026918018
820	0	False	0.024287412
821	0	False	0.029609753
822	0	False	0.021492472
823	0	False	0.036506593
824	0	False	0.024586309
825	0	False	0.0328664
826	0	False	0.023550438
827	0	False	0.02346251
828	0	False	0.027556147
829	0	False	0.028544256
830	0	False	0.0330188
831	0	False	0.030009497
832	0	False	0.027288377
833	0	False	0.023911187
834	0	False	0.03751469
835	0	False	0.021095645
836	0	False	0.018625652
837	0	False	0.018169781
838	0	False	0.01766455
839	0	False	0.018784726
840	0	False	0.018669803
841	0	False	0.018725486
842	0	False	0.01782691
843	0	False	0.020081835
844	0	False	0.017408954
845	0	False	0.01707451
846	0	False	0.02193735
847	0	False	0.020743908
848	0	False	0.019212097
849	0	False	0.022206644
850	0	False	0.019446844
851	0	False	0.017953679
852	0	False	0.049138166
853	0	False	0.051092446
854	0	False	0.05248602
855	0	False	0.05362656
856	0	False	0.053728018
857	0	False	0.078867234
858	0	False	0.050655905
859	0	False	0.049757224
860	0	False	0.057530615
861	0	False	0.057882883
862	0	False	0.06914898
863	0	False	0.08648993
864	0	False	0.08818872
865	0	False	0.09155148
866	0	False	0.1604601
867	0	True	0.22233449
868	1	True	0.27737296
869	1	True	0.7387547
870	1	True	0.524769
871	0	True	0.31169286
872	0	False	0.06537254
873	0	False	0.060522806
874	0	False	0.11517928
875	0	False	0.083852574
876	0	False	0.08177939
877	0	False	0.08676937
878	0	False	0.061817996
879	0	False	0.05895594
880	0	False	0.05400841
881	0	False	0.055494405
882	0	False	0.06822948
883	0	False	0.055477697
884	0	False	0.055874664
885	0	False	0.076358564
886	0	False	0.05195642
887	0	False	0.062437076
888	0	False	0.04662745
889	0	False	0.052613188
890	0	False	0.053133864
891	0	False	0.05058231
892	0	False	0.05190098
893	0	False	0.053857747
894	0	False	0.04702294
895	0	False	0.0669848
896	0	False	0.05636284
897	0	False	0.05866827
898	0	False	0.05152847
899	0	False	0.050571263
900	0	False	0.06612662
901	0	False	0.06279016
902	0	False	0.08060883
903	0	False	0.07129903
904	0	False	0.06362845
905	0	False	0.059244487
906	0	False	0.09418
907	0	False	0.053894203
908	0	False	0.054733086
909	0	False	0.04873911
910	0	False	0.051746614
911	0	False	0.053841762
912	0	False	0.049942117
913	0	False	0.04972263
914	0	False	0.053307824
915	0	False	0.05101869
916	0	False	0.051071644
917	0	False	0.055114027
918	0	False	0.056880012
919	0	False	0.057309262
920	0	False	0.05759892
921	0	False	0.052640196
922	0	False	0.048014935
923	0	False	0.05046178
924	0	False	0.058021076
925	0	False	0.06597888
926	0	False	0.06424128
927	0	False	0.052012783
928	0	False	0.10240832
929	0	False	0.09373618
930	0	False	0.056533013
931	0	False	0.059198063
932	0	False	0.059593324
933	0	False	0.06127475
934	0	False	0.06249836
935	0	False	0.06221848
936	0	False	0.06310688
937	0	False	0.06626444
938	0	False	0.07123922
939	0	False	0.08241297
940	0	False	0.0850228
941	0	False	0.108212255
942	0	False	0.09607852
943	0	False	0.08765152
944	0	False	0.08870318
945	0	False	0.10695789
946	0	False	0.0626932
947	0	False	0.10659329
948	0	False	0.09784585
949	0	False	0.14111565
950	0	False	0.12269164
951	0	False	0.09533032
952	0	False	0.10442313
953	1	False	0.12887828
954	1	False	0.16494755
955	0	False	0.16526683
956	0	False	0.17681105
957	1	True	0.44822022
958	0	False	0.18005528
959	0	False	0.13959086
960	0	False	0.13739997
961	0	False	0.12415572
962	0	False	0.062850505
963	0	False	0.06803921
964	0	False	0.059244353
965	0	False	0.07479467
966	0	False	0.06542981
967	0	False	0.07012311
968	0	False	0.07694497
969	0	False	0.074221015
970	0	False	0.06323281
971	0	False	0.09379947
972	0	False	0.06253909
973	0	False	0.07888125
974	0	False	0.06502402
975	0	False	0.056039233
976	0	False	0.07465999
977	0	False	0.066099316
978	0	False	0.093793124
979	0	False	0.07800491
980	0	False	0.07352656
981	0	False	0.066510886
982	0	False	0.11286144
983	0	False	0.066557296
984	0	False	0.054107323
985	0	False	0.05748637
986	0	False	0.050460454
987	0	False	0.053598758
988	0	False	0.05709912
989	0	False	0.04992252
990	0	False	0.054006524
991	0	False	0.056234587
992	0	False	0.05408362
993	0	False	0.054139573
994	0	False	0.058450878
995	0	False	0.062013052
996	0	False	0.056361053
997	0	False	0.05888161
998	0	False	0.0557774
999	0	False	0.05520176
1000	0	False	0.030568568
1001	0	False	0.03445704
1002	0	False	0.033503905
1003	0	False	0.037499506
1004	0	False	0.03653078
1005	0	False	0.032057982
1006	0	False	0.06583001
1007	0	False	0.059524503
1008	0	False	0.03574784
1009	0	False	0.037073117
1010	0	False	0.037014462
1011	0	False	0.03696847
1012	0	False	0.03753582
1013	0	False	0.036844194
1014	0	False	0.036826145
1015	0	False	0.037057213
1016	0	False	0.03519164
1017	0	False	0.04424449
1018	0	False	0.038112946
1019	0	False	0.05440328
1020	0	False	0.050035004
1021	0	False	0.048475895
1022	0	False	0.041968536
1023	0	False	0.041894056
1024	0	False	0.03630124
1025	0	False	0.037266176
1026	0	False	0.035538644
1027	0	False	0.044262297
1028	0	False	0.036247358
1029	0	False	0.03783592
1030	0	False	0.041854206
1031	0	False	0.040680483
1032	0	False	0.043324433
1033	0	False	0.03559286
1034	0	False	0.038584348
1035	0	False	0.039411973
1036	0	False	0.045113854
1037	0	False	0.05151811
1038	0	False	0.03901871
1039	0	False	0.03877877
1040	0	False	0.04032712
1041	0	False	0.04032712
1042	0	False	0.085393876
1043	0	False	0.10950935
1044	0	False	0.12918273
1045	0	False	0.065550506
1046	0	False	0.06064214
1047	0	False	0.054347146
1048	0	False	0.04893194
1049	0	False	0.05488349
1050	0	False	0.047576625
1051	0	False	0.042777304
1052	0	False	0.06861821
1053	0	False	0.04996021
1054	0	False	0.10550448
1055	0	False	0.065097086
1056	0	False	0.17802703
1057	1	True	0.438186
1058	0	False	0.12868114
1059	0	False	0.12569162
1060	0	False	0.085175425
1061	0	False	0.103948034
1062	0	False	0.18211147
1063	0	False	0.07928663
1064	0	False	0.08038943
1065	0	False	0.058710482
1066	0	False	0.05540427
1067	0	False	0.06285215
1068	0	False	0.050759666
1069	0	False	0.044450942
1070	0	False	0.105624
1071	0	False	0.10047778
1072	0	False	0.04451006
1073	0	False	0.043029014
1074	0	False	0.03871366
1075	0	False	0.040009722
1076	0	False	0.04088116
1077	0	False	0.051401116
1078	0	False	0.040209353
1079	0	False	0.036230255
1080	0	False	0.046057668
1081	0	False	0.054673348
1082	0	False	0.054219227
1083	0	False	0.05804434
1084	0	False	0.05671368
1085	0	False	0.055261265
1086	0	False	0.09697452
1087	0	False	0.08985347
1088	0	False	0.059235867
1089	0	False	0.058051366
1090	0	False	0.07457307
1091	0	False	0.08000674
1092	0	False	0.07945021
1093	0	False	0.13050316
1094	0	False	0.12849733
1095	0	False	0.14847527
1096	0	False	0.153679
1097	1	True	0.20573707
1098	1	False	0.19785556
1099	1	True	0.23689395
1100	1	True	0.34435114
1101	0	True	0.26498565
1102	0	True	0.2636342
1103	0	False	0.17781013
1104	1	False	0.17956993
1105	0	False	0.17212291
1106	0	True	0.20058972
1107	0	False	0.18425648
1108	0	False	0.17036402
1109	0	False	0.18428634
1110	0	False	0.14642198
1111	0	False	0.08518308
1112	0	False	0.09768238
1113	0	False	0.10563852
1114	0	False	0.07503196
1115	0	False	0.088407405
1116	1	False	0.104733996
1117	0	False	0.08866383
1118	0	False	0.07732304
1119	0	False	0.07503196
1120	0	False	0.07503196
1121	0	False	0.0971743
1122	0	False	0.057541203
1123	0	False	0.066133305
1124	0	False	0.057468954
1125	0	False	0.064896464
1126	0	False	0.061089266
1127	0	False	0.05939594
1128	0	False	0.062303856
1129	0	False	0.06019174
1130	0	False	0.054278165
1131	0	False	0.08292667
1132	0	False	0.061274137
1133	0	False	0.065486774
1134	0	False	0.059750386
1135	0	False	0.060965233
1136	0	False	0.07161857
1137	0	False	0.0622824
1138	0	False	0.08907782
1139	0	False	0.07507428
1140	0	False	0.067975484
1141	0	False	0.065702215
1142	0	False	0.089707576
1143	0	False	0.06260614
1144	0	False	0.058224663
1145	0	False	0.05097359
1146	0	False	0.0465179
1147	0	False	0.05097359
1148	0	False	0.052687254
1149	0	False	0.050087355
1150	0	False	0.057254013
1151	0	False	0.056038667
1152	0	False	0.053039186
1153	0	False	0.05309412
1154	0	False	0.052588332
1155	0	False	0.05393217
1156	0	False	0.055250324
1157	0	False	0.05341676
1158	0	False	0.05574425
1159	0	False	0.051254224
1160	0	False	0.038798805
1161	0	False	0.037932962
1162	0	False	0.039133236
1163	0	False	0.03893848
1164	0	False	0.043326125
1165	0	False	0.03676482
1166	0	False	0.064307675
1167	0	False	0.062552795
1168	0	False	0.037254196
1169	0	False	0.038998142
1170	0	False	0.038539946
1171	0	False	0.039379593
1172	0	False	0.04089894
1173	0	False	0.040323522
1174	0	False	0.04185824
1175	0	False	0.04315198
1176	0	False	0.044343047
1177	0	False	0.048815984
1178	0	False	0.039996605
1179	0	False	0.056238208
1180	0	False	0.062261734
1181	0	False	0.050332602
1182	0	False	0.05482458
1183	0	False	0.049254317
1184	0	False	0.039168898
1185	0	False	0.0453862
1186	0	False	0.043944728
1187	0	False	0.049491145
1188	0	False	0.04421265
1189	0	False	0.04138574
1190	0	False	0.04355739
1191	0	False	0.04026316
1192	0	False	0.069177255
1193	0	False	0.046197712
1194	0	False	0.048655048
1195	0	False	0.056199536
1196	0	False	0.06727601
1197	1	False	0.07574018
1198	0	False	0.06183127
1199	0	False	0.061439324
1200	0	False	0.12662515
1201	0	False	0.12955247
1202	0	False	0.15904655
1203	0	False	0.06791968
1204	0	False	0.0631337
1205	0	False	0.05764609
1206	0	False	0.048442595
1207	0	False	0.044946726
1208	0	False	0.041438825
1209	0	False	0.042099178
1210	0	False	0.04362513
1211	0	False	0.038499106
1212	0	False	0.05926332
1213	0	False	0.04286941
1214	0	False	0.061009295
1215	0	False	0.044334084
1216	0	False	0.040209603
1217	0	False	0.0574881
1218	0	False	0.04790503
1219	0	False	0.059417497
1220	0	False	0.056908105
1221	0	False	0.049599834
1222	0	False	0.043778308
1223	0	False	0.0657391
1224	0	False	0.040337767
1225	0	False	0.037008163
1226	0	False	0.042495362
1227	0	False	0.03998914
1228	0	False	0.039935652
1229	0	False	0.03864425
1230	0	False	0.03713219
1231	0	False	0.036907405
1232	0	False	0.041018363
1233	0	False	0.03997842
1234	0	False	0.038642064
1235	0	False	0.041226663
1236	0	False	0.043454062
1237	0	False	0.045499697
1238	0	False	0.044449374
1239	0	False	0.042252954
1240	0	False	0.040978204
1241	0	False	0.03686073
1242	0	False	0.03702026
1243	0	False	0.039842106
1244	0	False	0.038667593
1245	0	False	0.04005363
1246	0	False	0.035428096
1247	0	False	0.06428303
1248	0	False	0.057976097
1249	0	False	0.040081285
1250	0	False	0.041638963
1251	0	False	0.047833033
1252	0	False	0.04490245
1253	0	False	0.046905782
1254	0	False	0.055430207
1255	0	False	0.055340223
1256	0	False	0.056407783
1257	0	False	0.062459555
1258	0	False	0.07691852
1259	0	False	0.07843047
1260	0	False	0.09257145
1261	0	False	0.15238386
1262	0	False	0.081892066
1263	0	False	0.10472365
1264	0	False	0.14883737
1265	0	False	0.11265919
1266	0	False	0.1015945
1267	0	False	0.105513565
1268	0	False	0.072283484
1269	0	False	0.07635907
1270	0	False	0.078337274
1271	0	False	0.07145483
1272	0	False	0.061668485
1273	0	False	0.04333826
1274	0	False	0.045959476
1275	0	False	0.05167795
1276	0	False	0.060029466
1277	0	False	0.056945946
1278	0	False	0.043535378
1279	0	False	0.046700362
1280	0	False	0.043535378
1281	0	False	0.043535378
1282	0	False	0.064842604
1283	0	False	0.035420608
1284	0	False	0.04260899
1285	0	False	0.034950763
1286	0	False	0.038189374
1287	0	False	0.040258996
1288	0	False	0.03955594
1289	0	False	0.038368676
1290	0	False	0.037365433
1291	0	False	0.034697257
1292	0	False	0.047489796
1293	0	False	0.04244624
1294	0	False	0.04577971
1295	0	False	0.039069984
1296	0	False	0.03624364
1297	0	False	0.04491993
1298	0	False	0.040797696
1299	0	False	0.054037947
1300	0	False	0.057080172
1301	0	False	0.04627505
1302	0	False	0.04197141
1303	0	False	0.066680476
1304	0	False	0.041290417
1305	0	False	0.034733724
1306	0	False	0.04111007
1307	0	False	0.038754195
1308	0	False	0.036812887
1309	0	False	0.034867726
1310	0	False	0.034867525
1311	0	False	0.035426833
1312	0	False	0.03802248
1313	0	False	0.036957294
1314	0	False	0.03699622
1315	0	False	0.037376925
1316	0	False	0.038319577
1317	0	False	0.03653578
1318	0	False	0.039169382
1319	0	False	0.037829615
1320	0	False	0.036137383
1321	0	False	0.022520171
1322	0	False	0.022085436
1323	0	False	0.021381576
1324	0	False	0.024367006
1325	0	False	0.027019642
1326	0	False	0.037613045
1327	0	False	0.048759464
1328	0	False	0.07216363
1329	0	False	0.030965542
1330	0	False	0.04359051
1331	0	False	0.045059267
1332	0	False	0.1502224
1333	0	False	0.08423722
1334	0	False	0.030507326
1335	0	False	0.025485557
1336	0	False	0.026479175
1337	0	False	0.025327237
1338	0	False	0.030041188
1339	0	False	0.025427245
1340	0	False	0.037509102
1341	0	False	0.036157902
1342	0	False	0.03230414
1343	0	False	0.03227238
1344	0	False	0.03019603
1345	0	False	0.027130451
1346	0	False	0.026321188
1347	0	False	0.027474876
1348	0	False	0.027774619
1349	0	False	0.025326662
1350	0	False	0.026441159
1351	0	False	0.024017496
1352	0	False	0.024705483
1353	0	False	0.024126185
1354	0	False	0.02535788
1355	0	False	0.021300634
1356	0	False	0.022822488
1357	0	False	0.026394792
1358	0	False	0.021300634
1359	0	False	0.020043556
1360	0	False	0.019592581
1361	0	False	0.03096702
1362	0	False	0.018423878
1363	0	False	0.023125371
1364	0	False	0.019694002
1365	0	False	0.020674203
1366	0	False	0.02064608
1367	0	False	0.02116869
1368	0	False	0.020574814
1369	0	False	0.020817097
1370	0	False	0.01853194
1371	0	False	0.024551883
1372	0	False	0.0218484
1373	0	False	0.027850857
1374	0	False	0.02035238
1375	0	False	0.020296851
1376	0	False	0.023607343
1377	0	False	0.024326516
1378	0	False	0.034807395
1379	0	False	0.036368407
1380	0	False	0.028868586
1381	0	False	0.024765454
1382	0	False	0.040922478
1383	0	False	0.02240306
1384	0	False	0.020281265
1385	0	False	0.020211658
1386	0	False	0.019650787
1387	0	False	0.02045418
1388	0	False	0.018924614
1389	0	False	0.018450888
1390	0	False	0.018269029
1391	0	False	0.019937443
1392	0	False	0.018668916
1393	0	False	0.018310728
1394	0	False	0.020460755
1395	0	False	0.020265674
1396	0	False	0.019205306
1397	0	False	0.021002155
1398	0	False	0.019431083
1399	0	False	0.018783873
1400	1	True	0.80692685
1401	0	False	0.02603675
1402	0	False	0.027290853
1403	0	False	0.02598282
1404	0	False	0.06730122
1405	0	False	0.033119112
1406	0	False	0.03743272
1407	0	False	0.025101103
1408	0	False	0.024351327
1409	0	False	0.025134187
1410	0	False	0.024565369
1411	0	False	0.024851358
1412	0	False	0.032105077
1413	0	False	0.025568962
1414	0	False	0.025568962
1415	0	False	0.03764171
1416	0	False	0.032622054
1417	0	False	0.03645991
1418	0	False	0.025743023
1419	0	False	0.026354363
1420	0	False	0.0258508
1421	0	False	0.025464864
1422	0	False	0.031938978
1423	0	False	0.027015373
1424	0	False	0.028570965
1425	0	False	0.030793302
1426	0	False	0.028975645
1427	0	False	0.025526091
1428	0	False	0.027360242
1429	0	False	0.027610352
1430	0	False	0.026672116
1431	0	False	0.024517784
1432	0	False	0.03331776
1433	0	False	0.027741605
1434	0	False	0.024930978
1435	0	False	0.024806833
1436	0	False	0.029285297
1437	0	False	0.03259363
1438	0	False	0.024839984
1439	0	False	0.027972493
1440	0	False	0.03657475
1441	0	False	0.031696692
1442	0	False	0.034780778
1443	0	False	0.031035034
1444	0	False	0.031084996
1445	0	False	0.026519733
1446	0	False	0.03308157
1447	0	False	0.02860456
1448	0	False	0.03168983
1449	0	False	0.029482204
1450	0	False	0.02470086
1451	0	False	0.038418982
1452	0	False	0.028337974
1453	0	False	0.037664093
1454	0	False	0.025600435
1455	0	False	0.027997242
1456	0	False	0.030257966
1457	0	False	0.036625635
1458	0	False	0.036559254
1459	0	False	0.032416314
1460	0	False	0.043652814
1461	0	False	0.038955413
1462	0	False	0.04037351
1463	0	False	0.038670722
1464	0	False	0.038449574
1465	0	False	0.03883534
1466	0	False	0.039001476
1467	0	False	0.03755431
1468	0	False	0.04583144
1469	0	False	0.042133726
1470	0	False	0.04544822
1471	0	False	0.039967448
1472	0	False	0.04974013
1473	0	False	0.04632171
1474	0	False	0.050106302
1475	0	False	0.053294495
1476	0	False	0.06777691
1477	0	True	0.24489878
1478	0	False	0.08788066
1479	0	False	0.1839043
1480	0	False	0.19094959
1481	0	False	0.055138193
1482	0	False	0.06596096
1483	0	False	0.086572506
1484	0	False	0.051783677
1485	0	False	0.0659515
1486	0	False	0.13645145
1487	0	True	0.30711117
1488	0	False	0.13050187
1489	0	False	0.07830142
1490	0	False	0.08574602
1491	0	False	0.0733709
1492	0	False	0.06575921
1493	0	False	0.05903749
1494	0	False	0.04714172
1495	0	False	0.036077555
1496	0	False	0.036313627
1497	0	False	0.029558625
1498	0	False	0.033687692
1499	0	False	0.030129988
1500	0	False	0.030950334
1501	0	False	0.034324992
1502	0	False	0.03417265
1503	0	False	0.03025772
1504	0	False	0.029684255
1505	0	False	0.032414302
1506	0	False	0.03163762
1507	0	False	0.027041199
1508	0	False	0.02867699
1509	0	False	0.028682824
1510	0	False	0.027554236
1511	0	False	0.04043402
1512	0	False	0.04435707
1513	0	False	0.030339463
1514	0	False	0.029762812
1515	0	False	0.028909015
1516	0	False	0.029856838
1517	0	False	0.027392065
1518	0	False	0.026001116
1519	0	False	0.027529417
1520	0	False	0.026332512
1521	0	False	0.026981413
1522	0	False	0.028569445
1523	0	False	0.02429143
1524	0	False	0.027773302
1525	0	False	0.027509114
1526	0	False	0.025933448
1527	0	False	0.026640398
1528	0	False	0.02696883
1529	0	False	0.02664485
1530	0	False	0.028562734
1531	0	False	0.031620886
1532	0	False	0.02631691
1533	0	False	0.027584126
1534	0	False	0.028402513
1535	0	False	0.06889938
1536	0	False	0.035009872
1537	0	False	0.037532143
1538	0	False	0.026443357
1539	0	False	0.026312182
1540	0	False	0.025891684
1541	0	False	0.025103793
1542	0	False	0.026180614
1543	0	False	0.036849886
1544	0	False	0.025366414
1545	0	False	0.025366414
1546	0	False	0.031622037
1547	0	False	0.031210555
1548	0	False	0.033817843
1549	0	False	0.026298307
1550	0	False	0.025299974
1551	0	False	0.025733957
1552	0	False	0.024948586
1553	0	False	0.030705806
1554	0	False	0.025309687
1555	0	False	0.026690613
1556	0	False	0.031137493
1557	0	False	0.028225081
1558	0	False	0.024385601
1559	0	False	0.025844613
1560	0	False	0.025595998
1561	0	False	0.029462688
1562	0	False	0.02632308
1563	0	False	0.029638803
1564	0	False	0.026273679
1565	0	False	0.025211405
1566	0	False	0.028060734
1567	0	False	0.028500695
1568	0	False	0.030219568
1569	0	False	0.027112909
1570	0	False	0.045304872
1571	0	False	0.03567951
1572	0	False	0.03862442
1573	0	False	0.03557802
1574	0	False	0.03751066
1575	0	False	0.047795646
1576	0	False	0.034552988
1577	0	False	0.040062558
1578	0	False	0.03365263
1579	0	False	0.032323446
1580	0	False	0.046516653
1581	0	False	0.03358156
1582	0	False	0.049956102
1583	0	False	0.03239539
1584	0	False	0.038403377
1585	0	False	0.04576443
1586	0	False	0.04605849
1587	0	False	0.056094233
1588	0	False	0.0437592
1589	0	False	0.08445499
1590	0	False	0.05496499
1591	0	False	0.075885445
1592	1	True	0.3095556
1593	0	True	0.2310733
1594	0	False	0.14090373
1595	0	False	0.156863
1596	0	False	0.12696193
1597	0	False	0.06642189
1598	0	False	0.058009416
1599	0	False	0.04337858
1600	0	False	0.04273545
1601	0	False	0.052991115
1602	0	False	0.051687136
1603	0	False	0.05899487
1604	0	False	0.12477789
1605	0	False	0.04920151
1606	0	False	0.102685645
1607	0	False	0.10217542
1608	0	False	0.035508633
1609	0	False	0.040970847
1610	0	False	0.06223839
1611	0	False	0.04049509
1612	0	False	0.03372662
1613	0	False	0.03348786
1614	0	False	0.035371263
1615	0	False	0.041193023
1616	0	False	0.08949615
1617	0	False	0.053051498
1618	0	False	0.04003502
1619	0	False	0.04181271
1620	0	False	0.035812918
1621	0	False	0.03334958
1622	0	False	0.03645151
1623	0	False	0.03861265
1624	0	False	0.032538265
1625	0	False	0.02843173
1626	0	False	0.03002611
1627	0	False	0.030753752
1628	0	False	0.02864153
1629	0	False	0.030698247
1630	0	False	0.028593281
1631	0	False	0.02658695
1632	0	False	0.02624012
1633	0	False	0.030819835
1634	0	False	0.028840356
1635	0	False	0.026463632
1636	0	False	0.029465837
1637	0	False	0.028331457
1638	0	False	0.027289016
1639	0	False	0.04032497
1640	0	False	0.03773466
1641	0	False	0.02894658
1642	0	False	0.026082467
1643	0	False	0.028313491
1644	0	False	0.02782922
1645	0	False	0.026824787
1646	0	False	0.026986906
1647	0	False	0.02796776
1648	0	False	0.025503809
1649	0	False	0.029150486
1650	0	False	0.02978943
1651	0	False	0.025590546
1652	0	False	0.02500349
1653	0	False	0.02627335
1654	0	False	0.026693301
1655	0	False	0.027420385
1656	0	False	0.028078945
1657	0	False	0.026370535
1658	0	False	0.027471062
1659	0	False	0.028647037
1660	0	False	0.13352185
1661	0	False	0.14048839
1662	0	False	0.12654607
1663	0	True	0.23922685
1664	0	False	0.14922199
1665	0	False	0.17409742
1666	0	False	0.13718235
1667	0	False	0.12535493
1668	0	False	0.1300464
1669	0	False	0.1383389
1670	0	False	0.12557353
1671	0	False	0.15841654
1672	0	False	0.13153024
1673	0	False	0.13153024
1674	0	False	0.14513578
1675	0	False	0.13841455
1676	0	False	0.15282042
1677	0	False	0.124607265
1678	0	False	0.13777646
1679	0	False	0.12851731
1680	0	False	0.12989551
1681	0	False	0.14598237
1682	0	False	0.14140356
1683	0	False	0.15382408
1684	0	False	0.15155518
1685	0	False	0.15217455
1686	0	False	0.11382334
1687	0	False	0.1404468
1688	0	False	0.15081473
1689	0	False	0.14058006
1690	0	False	0.13002655
1691	0	False	0.13616246
1692	0	False	0.123034954
1693	0	False	0.12782753
1694	0	False	0.12109655
1695	0	False	0.13977852
1696	0	False	0.13698539
1697	0	False	0.13373952
1698	0	False	0.17983902
1699	0	False	0.14013606
1700	0	False	0.14532526
1701	0	False	0.12790346
1702	0	False	0.12981631
1703	0	False	0.12110441
1704	0	False	0.13523158
1705	0	False	0.15672272
1706	0	False	0.14651752
1707	0	False	0.13754287
1708	0	False	0.13445361
1709	0	False	0.12267061
1710	0	False	0.14994851
1711	0	False	0.12388198
1712	0	False	0.15622988
1713	0	False	0.13261136
1714	0	False	0.1460091
1715	0	False	0.15104996
1716	0	False	0.14657377
1717	0	False	0.14863135
1718	0	False	0.11750863
1719	0	False	0.12767003
1720	0	False	0.12120325
1721	0	False	0.15803348
1722	0	False	0.098940715
1723	0	False	0.11841309
1724	0	False	0.1114609
1725	0	False	0.11842942
1726	0	False	0.10838888
1727	0	False	0.13224748
1728	0	False	0.12764734
1729	0	False	0.12279325
1730	0	False	0.12236354
1731	0	False	0.1500586
1732	0	False	0.11394234
1733	0	False	0.12264127
1734	0	False	0.118281566
1735	0	False	0.16666621
1736	0	True	0.4152528
1737	0	False	0.19425833
1738	0	True	0.37298423
1739	1	True	0.38450512
1740	0	False	0.17122942
1741	0	True	0.22421063
1742	0	True	0.25504872
1743	0	False	0.15548268
1744	0	True	0.20076256
1745	0	False	0.18313311
1746	0	True	0.22789165
1747	1	True	0.6459094
1748	1	True	0.7608483
1749	0	True	0.57007885
1750	1	True	0.54585105
1751	0	True	0.3594999
1752	0	False	0.16130026
1753	0	False	0.17251621
1754	0	False	0.14741054
1755	0	False	0.13191698
1756	0	False	0.11560735
1757	0	False	0.13281353
1758	0	False	0.13824502
1759	0	False	0.13739412
1760	0	False	0.15586418
1761	0	False	0.1460225
1762	0	False	0.14045386
1763	0	False	0.12441353
1764	0	False	0.13193901
1765	0	False	0.13122128
1766	0	False	0.122003965
1767	0	False	0.13264944
1768	0	False	0.120786294
1769	0	False	0.12336232
1770	0	False	0.15003315
1771	0	False	0.15705927
1772	0	False	0.14281595
1773	0	False	0.13195303
1774	0	False	0.16132511
1775	0	False	0.14500889
1776	0	False	0.1361817
1777	0	False	0.11108545
1778	0	False	0.11983397
1779	0	False	0.108373046
1780	0	False	0.12842298
1781	0	False	0.13515224
1782	0	False	0.13810572
1783	0	False	0.1451518
1784	0	False	0.12753962
1785	0	False	0.13005534
1786	0	False	0.13207805
1787	0	False	0.14807643
1788	0	False	0.13120344
1789	0	False	0.13654026
1790	0	False	0.15296452
1791	0	False	0.03164766
1792	0	False	0.034542512
1793	0	False	0.028405033
1794	0	False	0.06771591
1795	0	False	0.036193676
1796	0	False	0.044134505
1797	0	False	0.031447735
1798	0	False	0.029821003
1799	0	False	0.032355677
1800	0	False	0.02988755
1801	0	False	0.03672767
1802	0	False	0.035678715
1803	0	False	0.031090232
1804	0	False	0.040487178
1805	0	False	0.035240572
1806	0	False	0.04028394
1807	0	False	0.028521715
1808	0	False	0.028602846
1809	0	False	0.026141977
1810	0	False	0.028750341
1811	0	False	0.03275718
1812	0	False	0.030674784
1813	0	False	0.03254751
1814	0	False	0.04344994
1815	0	False	0.035456844
1816	0	False	0.02729738
1817	0	False	0.036627285
1818	0	False	0.03301578
1819	0	False	0.034018647
1820	0	False	0.031990368
1821	0	False	0.04146356
1822	0	False	0.03695851
1823	0	False	0.034638643
1824	0	False	0.03787377
1825	0	False	0.05061919
1826	0	False	0.04707841
1827	0	False	0.105180755
1828	0	False	0.062930346
1829	0	False	0.06714363
1830	0	False	0.048788324
1831	0	False	0.07861281
1832	0	False	0.05822432
1833	0	False	0.064745314
1834	0	False	0.09748133
1835	0	False	0.07504409
1836	0	False	0.06952459
1837	0	False	0.07390908
1838	0	False	0.09143208
1839	1	False	0.10149961
1840	0	False	0.1054379
1841	0	False	0.13855845
1842	0	False	0.14027523
1843	0	False	0.15576573
1844	1	True	0.22247525
1845	0	False	0.15977368
1846	0	False	0.091441356
1847	0	False	0.06484982
1848	0	False	0.047722057
1849	0	False	0.047200594
1850	0	False	0.04900059
1851	0	False	0.051938474
1852	0	False	0.053302843
1853	0	False	0.06660023
1854	0	False	0.060071643
1855	0	False	0.050588492
1856	0	False	0.043741018
1857	0	False	0.048686367
1858	0	False	0.04685558
1859	0	False	0.043057308
1860	0	False	0.059860203
1861	0	False	0.10700681
1862	0	False	0.04249899
1863	0	False	0.08948536
1864	0	False	0.09728562
1865	0	False	0.048958536
1866	0	False	0.059917443
1867	0	False	0.047866844
1868	0	False	0.04182514
1869	0	False	0.03209136
1870	0	False	0.039015725
1871	0	False	0.03738879
1872	0	False	0.045616273
1873	0	False	0.09503441
1874	0	False	0.043881696
1875	0	False	0.03716927
1876	0	False	0.04154511
1877	0	False	0.038782377
1878	0	False	0.03554829
1879	0	False	0.03661239
1880	0	False	0.039783202
1881	0	False	0.035337437
1882	0	False	0.02893034
1883	0	False	0.03368532
1884	0	False	0.033053562
1885	0	False	0.034169946
1886	0	False	0.041466706
1887	0	False	0.031913076
1888	0	False	0.030496864
1889	0	False	0.028997637
1890	0	False	0.030473582
1891	0	False	0.031701054
1892	0	False	0.03097477
1893	0	False	0.03319347
1894	0	False	0.028753057
1895	0	False	0.030343425
1896	0	False	0.040309187
1897	0	False	0.04377341
1898	0	False	0.030913996
1899	0	False	0.027465647
1900	0	False	0.031748757
1901	0	False	0.034985095
1902	0	False	0.02967312
1903	0	False	0.03574757
1904	0	False	0.03841019
1905	0	False	0.03295124
1906	0	False	0.03217133
1907	0	False	0.03413292
1908	0	False	0.029964875
1909	0	False	0.028585654
1910	0	False	0.030622704
1911	0	False	0.028560651
1912	0	False	0.030995466
1913	0	False	0.029972153
1914	0	False	0.029081002
1915	0	False	0.034820717
1916	0	False	0.026844785
1917	0	False	0.028320175
1918	0	False	0.030223278
1919	0	False	0.07038234
1920	0	False	0.040231086
1921	0	False	0.038450897
1922	0	False	0.02918833
1923	0	False	0.029648587
1924	0	False	0.028251996
1925	0	False	0.029651055
1926	0	False	0.02905601
1927	0	False	0.037020963
1928	0	False	0.029546794
1929	0	False	0.029804874
1930	0	False	0.03777338
1931	0	False	0.037223157
1932	0	False	0.039368987
1933	0	False	0.030444095
1934	0	False	0.031509556
1935	0	False	0.029559528
1936	0	False	0.028883275
1937	0	False	0.03584893
1938	0	False	0.02867771
1939	0	False	0.031560637
1940	0	False	0.034573648
1941	0	False	0.032498952
1942	0	False	0.029197311
1943	0	False	0.02928168
1944	0	False	0.02990443
1945	0	False	0.031506233
1946	0	False	0.027855262
1947	0	False	0.03193047
1948	0	False	0.026591688
1949	0	False	0.02668065
1950	0	False	0.028872056
1951	0	False	0.029858213
1952	0	False	0.03215732
1953	0	False	0.028680313
1954	0	False	0.042643093
1955	0	False	0.03565855
1956	0	False	0.03905399
1957	0	False	0.03466743
1958	0	False	0.036854204
1959	0	False	0.029659748
1960	0	False	0.03026329
1961	0	False	0.04043326
1962	0	False	0.031596687
1963	0	False	0.03402131
1964	0	False	0.03109532
1965	0	False	0.028424896
1966	0	False	0.034201644
1967	0	False	0.034987897
1968	0	False	0.044474382
1969	0	False	0.032427907
1970	0	False	0.038479485
1971	0	False	0.04490357
1972	0	False	0.04511133
1973	0	False	0.048225693
1974	0	False	0.034889583
1975	0	False	0.04343402
1976	0	False	0.03809718
1977	0	False	0.039197695
1978	0	False	0.034060027
1979	0	False	0.038610447
1980	0	False	0.04619336
1981	0	False	0.04577098
1982	0	False	0.034172677
1983	0	False	0.06436258
1984	0	False	0.04887275
1985	0	False	0.06395797
1986	0	False	0.05452575
1987	0	False	0.05424415
1988	0	False	0.051365186
1989	0	False	0.0704084
1990	0	False	0.06567819
1991	0	False	0.0754079
1992	0	True	0.24288656
1993	0	False	0.088501684
1994	0	False	0.17791122
1995	1	True	0.24325264
1996	0	False	0.19431946
1997	0	True	0.29560664
1998	0	True	0.5295635
1999	0	True	0.28464627
2000	0	False	0.0597927
2001	0	False	0.045457013
2002	0	False	0.053883303
2003	0	False	0.080597006
2004	0	False	0.13377428
2005	0	False	0.086055495
2006	0	False	0.059192102
2007	0	False	0.057269204
2008	0	False	0.05376595
2009	0	False	0.044153817
2010	0	False	0.04390725
2011	0	False	0.046069946
2012	0	False	0.04222178
2013	0	False	0.03376221
2014	0	False	0.032601375
2015	0	False	0.03240612
2016	0	False	0.03318882
2017	0	False	0.032351706
2018	0	False	0.030832345
2019	0	False	0.03010929
2020	0	False	0.03128132
2021	0	False	0.03499979
2022	0	False	0.035071366
2023	0	False	0.02861491
2024	0	False	0.032609865
2025	0	False	0.03158799
2026	0	False	0.032241475
2027	0	False	0.042875014
2028	0	False	0.043305
2029	0	False	0.032395344
2030	0	False	0.02914024
2031	0	False	0.033803213
2032	0	False	0.030509366
2033	0	False	0.030417616
2034	0	False	0.028135356
2035	0	False	0.028748881
2036	0	False	0.028535672
2037	0	False	0.029640585
2038	0	False	0.030289931
2039	0	False	0.029320175
2040	0	False	0.029083747
2041	0	False	0.02762872
2042	0	False	0.029476147
2043	0	False	0.03078283
2044	0	False	0.033359833
2045	0	False	0.030746946
2046	0	False	0.031088838
2047	0	False	0.032646753
2048	0	False	0.04480365
2049	0	False	0.040113036
2050	0	False	0.08789939
2051	0	False	0.047950167
2052	0	False	0.05959617
2053	0	False	0.045955807
2054	0	False	0.04024402
2055	0	False	0.04105972
2056	0	False	0.04395408
2057	0	False	0.054561716
2058	0	False	0.05117459
2059	0	False	0.044781566
2060	0	False	0.04804053
2061	0	False	0.047718436
2062	0	False	0.05515444
2063	0	False	0.04384062
2064	0	False	0.046761174
2065	0	False	0.04098854
2066	0	False	0.045214903
2067	0	False	0.054967932
2068	0	False	0.044898473
2069	0	False	0.050604537
2070	0	False	0.05691582
2071	0	False	0.052078594
2072	0	False	0.03773831
2073	0	False	0.048787806
2074	0	False	0.047394723
2075	0	False	0.053997792
2076	0	False	0.042877376
2077	0	False	0.045815885
2078	0	False	0.043691438
2079	0	False	0.04190628
2080	0	False	0.04666439
2081	0	False	0.049537156
2082	0	False	0.047071043
2083	0	False	0.075699404
2084	0	False	0.054576132
2085	0	False	0.057954226
2086	0	False	0.04820585
2087	0	False	0.064901166
2088	0	False	0.06895877
2089	0	False	0.058596667
2090	0	False	0.052379522
2091	0	False	0.046110593
2092	0	False	0.048072163
2093	0	False	0.06363718
2094	0	False	0.052841518
2095	0	False	0.07407008
2096	0	False	0.043695733
2097	0	False	0.053756658
2098	0	False	0.060184456
2099	0	False	0.06721492
2100	0	False	0.060210254
2101	0	False	0.05692166
2102	0	False	0.05412645
2103	0	False	0.05726001
2104	0	False	0.07283179
2105	0	False	0.08455463
2106	0	False	0.078785695
2107	0	False	0.05922017
2108	0	False	0.11486921
2109	0	False	0.101834275
2110	0	False	0.1255757
2111	0	False	0.109229945
2112	0	False	0.116238564
2113	0	False	0.121694244
2114	0	False	0.14130406
2115	0	False	0.15052578
2116	0	True	0.27970603
2117	0	False	0.11287448
2118	0	False	0.15848874
2119	0	False	0.10884008
2120	0	False	0.087402664
2121	0	False	0.0612125
2122	0	False	0.11482079
2123	0	False	0.18157522
2124	0	False	0.13303776
2125	0	False	0.10527793
2126	0	False	0.10263647
2127	0	False	0.090098344
2128	0	False	0.06999545
2129	0	False	0.06826298
2130	0	False	0.0566655
2131	0	False	0.055347785
2132	0	False	0.05312939
2133	0	False	0.04734439
2134	0	False	0.05163143
2135	0	False	0.04788734
2136	0	False	0.04937556
2137	0	False	0.054005574
2138	0	False	0.05551055
2139	0	False	0.055903595
2140	0	False	0.05520782
2141	0	False	0.04664511
2142	0	False	0.05021692
2143	0	False	0.053533874
2144	0	False	0.051674493
2145	0	False	0.06274433
2146	0	False	0.067999355
2147	0	False	0.052328184
2148	0	False	0.049373668
2149	0	False	0.051703334
2150	0	False	0.05822461
2151	0	False	0.05699854
2152	0	False	0.045127876
2153	0	False	0.044594772
2154	0	False	0.04844133
2155	0	False	0.050840665
2156	0	False	0.045943167
2157	0	False	0.04478845
2158	0	False	0.04558636
2159	0	False	0.04617887
2160	0	False	0.051878642
2161	0	False	0.0455604
2162	0	False	0.046789642
2163	0	False	0.051802646
2164	1	False	0.054834567
2165	1	True	0.5652424
2166	0	False	0.05253534
2167	0	False	0.058769133
2168	0	False	0.05559466
2169	0	False	0.05342967
2170	0	False	0.050803073
2171	0	False	0.053733364
2172	0	False	0.051905062
2173	0	False	0.059772264
2174	0	False	0.06317417
2175	0	False	0.065743595
2176	0	False	0.06823101
2177	0	False	0.055420358
2178	0	False	0.07114027
2179	0	False	0.055873454
2180	0	False	0.05460627
2181	0	False	0.05807065
2182	0	False	0.073545046
2183	0	False	0.058569986
2184	0	False	0.056749467
2185	0	False	0.05363879
2186	0	False	0.06005453
2187	0	False	0.054547537
2188	0	False	0.052956298
2189	0	False	0.056453433
2190	0	False	0.05368662
2191	0	False	0.058566518
2192	0	False	0.05963214
2193	0	False	0.070039004
2194	0	False	0.06996224
2195	0	False	0.06357897
2196	0	False	0.06006068
2197	0	False	0.07173727
2198	0	False	0.05810389
2199	0	False	0.0667427
2200	0	False	0.082500346
2201	0	False	0.07701849
2202	0	False	0.13134325
2203	0	False	0.062233746
2204	0	False	0.06900666
2205	0	False	0.068874784
2206	0	False	0.06577516
2207	0	False	0.062237795
2208	0	False	0.07096872
2209	0	False	0.05701215
2210	0	False	0.061055858
2211	0	False	0.0761747
2212	0	False	0.07133519
2213	0	False	0.07540423
2214	0	False	0.060693227
2215	0	False	0.08565224
2216	0	False	0.073498845
2217	0	False	0.059340887
2218	0	False	0.06275161
2219	0	False	0.061120495
2220	0	False	0.082144186
2221	0	False	0.08540909
2222	0	False	0.08232962
2223	0	False	0.07141975
2224	0	False	0.058202673
2225	0	False	0.070926644
2226	0	False	0.06785828
2227	0	False	0.068511285
2228	0	False	0.0655085
2229	0	False	0.08551083
2230	0	False	0.084492624
2231	0	False	0.07150836
2232	0	False	0.07287166
2233	0	False	0.08780198
2234	0	False	0.08575716
2235	0	False	0.1056891
2236	0	False	0.118706144
2237	0	False	0.10938207
2238	0	False	0.08844754
2239	0	False	0.13898756
2240	0	False	0.1255829
2241	0	False	0.08603968
2242	0	False	0.10475763
2243	0	False	0.09124228
2244	0	False	0.0980842
2245	0	False	0.13252583
2246	0	False	0.1393928
2247	0	True	0.5193049
2248	0	True	0.22438467
2249	0	True	0.28074422
2250	0	True	0.32777876
2251	0	True	0.33703402
2252	0	True	0.22830588
2253	0	True	0.19982229
2254	0	False	0.093093626
2255	0	False	0.0898374
2256	0	False	0.10587909
2257	0	False	0.13230343
2258	0	False	0.08825675
2259	0	False	0.072983205
2260	0	False	0.07097121
2261	0	False	0.07658851
2262	0	False	0.09016142
2263	0	False	0.081017226
2264	0	False	0.07385402
2265	0	False	0.09769609
2266	0	False	0.06851655
2267	0	False	0.079786755
2268	0	False	0.14245698
2269	0	False	0.07139392
2270	0	False	0.07083371
2271	0	False	0.06293317
2272	0	False	0.0696911
2273	0	False	0.084476024
2274	0	False	0.07540484
2275	0	False	0.07823154
2276	0	False	0.0699875
2277	0	False	0.06727486
2278	0	False	0.073086604
2279	0	False	0.069564685
2280	0	False	0.07922829
2281	0	False	0.074966356
2282	0	False	0.07368551
2283	0	False	0.07357474
2284	0	False	0.08713879
2285	0	False	0.07237155
2286	0	False	0.071668535
2287	0	False	0.06546558
2288	0	False	0.06136948
2289	0	False	0.06982501
2290	0	False	0.073188245
2291	0	False	0.07372849
2292	0	False	0.058460537
2293	0	False	0.058460537
2294	0	False	0.0572639
2295	0	False	0.06784874
2296	0	False	0.059872873
2297	0	False	0.070446804
2298	0	False	0.07064586
2299	0	False	0.06732347
2300	0	False	0.065296516
2301	0	False	0.055814218
2302	0	False	0.06341311
2303	0	False	0.0647934
2304	0	False	0.02796226
2305	0	False	0.029159239
2306	0	False	0.029056916
2307	0	False	0.027290562
2308	0	False	0.026202507
2309	0	False	0.026273228
2310	0	False	0.027405864
2311	0	False	0.030694233
2312	0	False	0.029162647
2313	0	False	0.028822169
2314	0	False	0.033218753
2315	0	False	0.027305437
2316	0	False	0.0397919
2317	0	False	0.03165364
2318	0	False	0.02796226
2319	0	False	0.029614715
2320	0	False	0.03991239
2321	0	False	0.028275315
2322	0	False	0.026680669
2323	0	False	0.02921888
2324	0	False	0.031161293
2325	0	False	0.028546989
2326	0	False	0.02692217
2327	0	False	0.027795821
2328	0	False	0.027511703
2329	0	False	0.028748676
2330	0	False	0.02853047
2331	0	False	0.03181674
2332	0	False	0.038045455
2333	0	False	0.031757697
2334	0	False	0.031757697
2335	0	False	0.033812843
2336	0	False	0.027928194
2337	0	False	0.030769961
2338	0	False	0.035862096
2339	0	False	0.032724336
2340	0	False	0.07338773
2341	0	False	0.02837791
2342	0	False	0.03540399
2343	0	False	0.033321355
2344	0	False	0.033845767
2345	0	False	0.03433846
2346	0	False	0.037035663
2347	0	False	0.030817756
2348	0	False	0.030828042
2349	0	False	0.036431573
2350	0	False	0.032931477
2351	0	False	0.036780193
2352	0	False	0.028002003
2353	0	False	0.038275283
2354	0	False	0.031359732
2355	0	False	0.032464806
2356	0	False	0.03159266
2357	0	False	0.02926036
2358	0	False	0.028002003
2359	0	False	0.03048332
2360	0	False	0.03204709
2361	0	False	0.036078636
2362	0	False	0.0340865
2363	0	False	0.033601835
2364	0	False	0.032932237
2365	0	False	0.033632968
2366	0	False	0.031030802
2367	0	False	0.030758876
2368	0	False	0.042505644
2369	0	False	0.041981556
2370	0	False	0.04457436
2371	0	False	0.034600206
2372	0	False	0.05036651
2373	0	False	0.045907233
2374	0	False	0.06665272
2375	0	False	0.049716726
2376	0	False	0.040454235
2377	0	False	0.04002859
2378	0	False	0.052540507
2379	0	False	0.04980617
2380	0	False	0.0348996
2381	0	False	0.041368738
2382	0	False	0.03666582
2383	0	False	0.038621154
2384	0	False	0.037928306
2385	0	False	0.036699258
2386	0	False	0.051345497
2387	0	False	0.05458257
2388	0	False	0.045198444
2389	0	False	0.043652188
2390	0	False	0.04894929
2391	0	False	0.059519507
2392	1	False	0.058576614
2393	0	False	0.15690137
2394	1	False	0.13440512
2395	0	True	0.3442927
2396	0	True	0.23098123
2397	0	True	0.20817193
2398	0	False	0.10303579
2399	0	False	0.06691812
2400	0	False	0.06873962
2401	0	False	0.08488636
2402	0	False	0.052506346
2403	0	False	0.05207477
2404	0	False	0.06629785
2405	0	False	0.054926995
2406	0	False	0.06998396
2407	0	False	0.16164693
2408	0	False	0.04451443
2409	0	False	0.04096813
2410	0	False	0.046920918
2411	0	False	0.041953973
2412	0	False	0.049411695
2413	0	False	0.04268134
2414	0	False	0.046238016
2415	0	False	0.04070739
2416	0	False	0.038980864
2417	0	False	0.033104982
2418	0	False	0.032768425
2419	0	False	0.03547026
2420	0	False	0.034537815
2421	0	False	0.03351541
2422	0	False	0.035606567
2423	0	False	0.035521865
2424	0	False	0.038346276
2425	0	False	0.03702811
2426	0	False	0.03860648
2427	0	False	0.032823034
2428	0	False	0.03911023
2429	0	False	0.045768276
2430	0	False	0.03895393
2431	0	False	0.05301413
2432	0	False	0.033591464
2433	0	False	0.032592047
2434	0	False	0.031195015
2435	0	False	0.033655964
2436	0	False	0.029440518
2437	0	False	0.030399587
2438	0	False	0.03082236
2439	0	False	0.031197643
2440	0	False	0.038628787
2441	0	False	0.041749865
2442	0	False	0.03243494
2443	0	False	0.053810846
2444	0	False	0.03245938
2445	0	False	0.019044658
2446	0	False	0.019552348
2447	0	False	0.020397961
2448	0	False	0.018287733
2449	0	False	0.017822927
2450	0	False	0.020770757
2451	0	False	0.019883739
2452	0	False	0.021546686
2453	0	False	0.02147519
2454	0	False	0.021222502
2455	0	False	0.023179904
2456	0	False	0.019311955
2457	0	False	0.02214241
2458	0	False	0.020518463
2459	0	False	0.021889202
2460	0	False	0.029463118
2461	0	False	0.021660617
2462	0	False	0.02625034
2463	0	False	0.023706477
2464	0	False	0.022476275
2465	0	False	0.021907387
2466	0	False	0.03086174
2467	0	False	0.023414448
2468	0	False	0.027707718
2469	0	False	0.024160072
2470	0	False	0.022451192
2471	0	False	0.027023673
2472	0	False	0.024420079
2473	0	False	0.023575189
2474	0	False	0.027833119
2475	0	False	0.024190107
2476	0	False	0.064476356
2477	0	False	0.025014102
2478	0	False	0.02524113
2479	0	False	0.027886586
2480	0	False	0.024821552
2481	0	False	0.02653106
2482	0	False	0.02151176
2483	0	False	0.023036582
2484	0	False	0.02599004
2485	0	False	0.03195629
2486	0	False	0.03826799
2487	0	False	0.02768459
2488	0	False	0.044495057
2489	0	False	0.027907165
2490	0	False	0.028246544
2491	0	False	0.028229699
2492	0	False	0.02799667
2493	0	False	0.16868153
2494	0	True	0.27734697
2495	0	False	0.035700124
2496	0	False	0.034662936
2497	0	False	0.034210138
2498	0	False	0.031096397
2499	0	False	0.023768844
2500	0	False	0.030207245
2501	0	False	0.026972044
2502	0	False	0.025083626
2503	0	False	0.023232736
2504	0	False	0.0302061
2505	0	False	0.020719448
2506	0	False	0.024254896
2507	0	False	0.026382072
2508	0	False	0.020843003
2509	0	False	0.022619
2510	0	False	0.022978136
2511	0	False	0.02304627
2512	0	False	0.02236426
2513	0	False	0.022511717
2514	0	False	0.02252907
2515	0	False	0.022635054
2516	0	False	0.0235023
2517	0	False	0.020114243
2518	0	False	0.023885872
2519	0	False	0.024262186
2520	0	False	0.021113617
2521	0	False	0.02234736
2522	0	False	0.020677857
2523	0	False	0.020580705
2524	0	False	0.026394237
2525	0	False	0.020826003
2526	0	False	0.023360608
2527	0	False	0.027351292
2528	0	False	0.053859446
2529	0	False	0.020825852
2530	0	False	0.021514414
2531	0	False	0.021808056
2532	0	False	0.020342475
2533	0	False	0.023501266
2534	0	False	0.019612398
2535	0	False	0.02125305
2536	0	False	0.019771338
2537	0	False	0.018141212
2538	0	False	0.017686922
2539	0	False	0.018524267
2540	0	False	0.022782626
2541	0	False	0.020534223
2542	0	False	0.020851986
2543	0	False	0.021878416
2544	0	False	0.020782853
2545	0	False	0.02258548
2546	0	False	0.021416984
2547	0	False	0.023342947
2548	0	False	0.020686638
2549	0	False	0.019385608
2550	0	False	0.01908829
2551	0	False	0.020568147
2552	0	False	0.019385608
2553	0	False	0.02468619
2554	0	False	0.021548646
2555	0	False	0.02256879
2556	0	False	0.024077833
2557	0	False	0.023587754
2558	0	False	0.021817187
2559	0	False	0.02765474
2560	0	False	0.0236805
2561	0	False	0.0236805
2562	0	False	0.026484178
2563	0	False	0.026223391
2564	0	False	0.025916314
2565	0	False	0.033329256
2566	0	False	0.023593396
2567	0	False	0.03661313
2568	0	False	0.026217664
2569	0	False	0.024704175
2570	0	False	0.02568853
2571	0	False	0.035414785
2572	0	False	0.02678909
2573	0	False	0.027988063
2574	0	False	0.025897043
2575	0	False	0.02908636
2576	0	False	0.029895563
2577	0	False	0.028520664
2578	0	False	0.027840236
2579	0	False	0.027139353
2580	0	False	0.027844442
2581	0	False	0.030790651
2582	0	False	0.032404102
2583	0	False	0.035391565
2584	0	False	0.03210479
2585	0	False	0.032608926
2586	0	False	0.034743804
2587	0	False	0.039402667
2588	0	False	0.032605097
2589	0	False	0.03870699
2590	0	False	0.03297132
2591	0	False	0.0699967
2592	0	False	0.03066014
2593	1	False	0.04153072
2594	0	False	0.03320218
2595	0	False	0.045983285
2596	0	False	0.04630785
2597	0	False	0.05960987
2598	0	False	0.045127824
2599	0	False	0.044991933
2600	0	False	0.06138958
2601	0	False	0.042736784
2602	0	False	0.0500671
2603	0	False	0.041507713
2604	0	False	0.061111327
2605	0	False	0.0378068
2606	0	False	0.046441387
2607	0	False	0.049776096
2608	0	False	0.06465985
2609	0	True	0.21381399
2610	0	False	0.052235108
2611	0	False	0.041680235
2612	0	False	0.05632107
2613	0	False	0.11691291
2614	0	False	0.05376887
2615	0	False	0.051492542
2616	0	False	0.05010721
2617	0	False	0.042848814
2618	0	False	0.050511725
2619	0	False	0.04462786
2620	0	False	0.040734325
2621	0	False	0.034112986
2622	0	False	0.028490525
2623	0	False	0.026320778
2624	0	False	0.03363497
2625	0	False	0.033688456
2626	0	False	0.02914233
2627	0	False	0.027110945
2628	0	False	0.039245255
2629	0	False	0.033157613
2630	0	False	0.02662795
2631	0	False	0.03263231
2632	0	False	0.027992673
2633	0	False	0.025983391
2634	0	False	0.028824558
2635	0	False	0.029279273
2636	0	False	0.02610965
2637	0	False	0.027671317
2638	0	False	0.02551729
2639	0	False	0.024067463
2640	0	False	0.027882772
2641	0	False	0.024052626
2642	0	False	0.027965654
2643	0	False	0.02915226
2644	0	False	0.027671726
2645	0	False	0.028153993
2646	0	False	0.029626569
2647	0	False	0.024781737
2648	0	False	0.024781737
2649	0	False	0.028060474
2650	0	False	0.02568853
2651	0	False	0.026970219
2652	0	False	0.029511422
2653	0	False	0.027439853
2654	0	False	0.023662303
2655	0	False	0.028285157
2656	0	False	0.026634077
2657	0	False	0.030506663
2658	0	False	0.055578377
2659	0	False	0.025109751
2660	0	False	0.02756216
2661	0	False	0.024865646
2662	0	False	0.024323812
2663	0	False	0.028316293
2664	0	False	0.025501704
2665	0	False	0.027157161
2666	0	False	0.024187872
2667	0	False	0.026339397
2668	0	False	0.022144645
2669	0	False	0.021583967
2670	0	False	0.023336533
2671	0	False	0.026913408
2672	0	False	0.025921158
2673	0	False	0.026663352
2674	0	False	0.02757825
2675	0	False	0.029837089
2676	0	False	0.027476603
2677	0	False	0.02909889
2678	0	False	0.025894023
2679	0	False	0.028267397
2680	0	False	0.029385366
2681	0	False	0.02891967
2682	0	False	0.028162599
2683	0	False	0.024018759
2684	0	False	0.024018759
2685	0	False	0.023411766
2686	0	False	0.023321323
2687	0	False	0.021583967
2688	0	False	0.025764192
2689	0	False	0.02612424
2690	0	False	0.024018759
2691	0	False	0.027347993
2692	0	False	0.031378828
2693	0	False	0.029837089
2694	0	False	0.031049805
2695	0	False	0.027103035
2696	0	False	0.030341744
2697	0	False	0.025685525
2698	0	False	0.026385784
2699	0	False	0.023045808
2700	0	False	0.032313924
2701	0	False	0.04637321
2702	0	False	0.027722534
2703	0	False	0.030633302
2704	0	False	0.025248967
2705	0	False	0.024953006
2706	0	False	0.043195274
2707	0	False	0.024813592
2708	0	False	0.048149705
2709	0	False	0.14960444
2710	0	True	0.22228076
2711	0	False	0.1273474
2712	0	False	0.0414627
2713	0	False	0.033180565
2714	0	False	0.042836983
2715	0	False	0.03696887
2716	0	False	0.032231428
2717	0	False	0.0324369
2718	0	False	0.032106906
2719	0	False	0.029709095
2720	0	False	0.028269786
2721	0	False	0.028284632
2722	0	False	0.031579517
2723	0	False	0.027987951
2724	0	False	0.02469947
2725	0	False	0.03251397
2726	0	False	0.026977772
2727	0	False	0.027927566
2728	0	False	0.03377431
2729	0	False	0.029380519
2730	0	False	0.0647651
2731	0	False	0.024566876
2732	0	False	0.03106135
2733	0	False	0.03447056
2734	0	False	0.030902946
2735	0	False	0.027788632
2736	0	False	0.03453618
2737	0	False	0.028361533
2738	0	False	0.027511766
2739	0	False	0.025874896
2740	0	False	0.027813694
2741	0	False	0.032183688
2742	0	False	0.022524992
2743	0	False	0.030322287
2744	0	False	0.025891595
2745	0	False	0.023158643
2746	0	False	0.023237124
2747	0	False	0.024937721
2748	0	False	0.022977106
2749	0	False	0.023532998
2750	0	False	0.023284072
2751	0	False	0.023110442
2752	0	False	0.023011174
2753	0	False	0.023505934
2754	0	False	0.02229543
2755	0	False	0.02147801
2756	0	False	0.027646393
2757	0	False	0.028083913
2758	0	False	0.022450197
2759	0	False	0.022715893
2760	0	False	0.021603884
2761	0	False	0.020636119
2762	0	False	0.024580028
2763	0	False	0.026688198
2764	0	False	0.024714684
2765	0	False	0.022928953
2766	0	False	0.034273677
2767	0	False	0.025183361
2768	0	False	0.020901788
2769	0	False	0.024843022
2770	0	False	0.019542025
2771	0	False	0.019437239
2772	0	False	0.0235019
2773	0	False	0.022729289
2774	0	False	0.020262048
2775	0	False	0.021005945
2776	0	False	0.022715831
2777	0	False	0.022399401
2778	0	False	0.024840457
2779	0	False	0.020567283
2780	0	False	0.022339033
2781	0	False	0.021693973
2782	0	False	0.020865556
2783	0	False	0.022184601
2784	0	False	0.024665818
2785	0	False	0.020609383
2786	0	False	0.019542025
2787	0	False	0.020494288
2788	0	False	0.02045852
2789	0	False	0.023855379
2790	0	False	0.020232346
2791	0	False	0.023876587
2792	0	False	0.020743981
2793	0	False	0.023728533
2794	0	False	0.047218878
2795	0	False	0.022140909
2796	0	False	0.022706734
2797	0	False	0.0225847
2798	0	False	0.020824686
2799	0	False	0.02501431
2800	0	False	0.02053652
2801	0	False	0.022594977
2802	0	False	0.020078337
2803	0	False	0.020026885
2804	0	False	0.019542025
2805	0	False	0.019340595
2806	0	False	0.019946333
2807	0	False	0.021925991
2808	0	False	0.021268703
2809	0	False	0.023587547
2810	0	False	0.023587342
2811	0	False	0.02176547
2812	0	False	0.02329087
2813	0	False	0.024298448
2814	0	False	0.02382026
2815	0	False	0.027125003
2816	0	False	0.025549175
2817	0	False	0.024878077
2818	0	False	0.021933105
2819	0	False	0.021933105
2820	0	False	0.021786073
2821	0	False	0.01998822
2822	0	False	0.021329032
2823	0	False	0.022029856
2824	0	False	0.022338914
2825	0	False	0.021933105
2826	0	False	0.027118284
2827	0	False	0.026578251
2828	0	False	0.022972869
2829	1	True	0.7473127
2830	1	True	0.79414684
2831	1	True	0.4049025
2832	1	False	0.05288682
2833	1	True	0.65199935
2834	0	False	0.12084532
2835	0	False	0.13447483
2836	0	False	0.12271114
2837	0	True	0.26872143
2838	0	True	0.26872143
2839	0	True	0.3552949
2840	0	True	0.47560075
2841	0	True	0.33673927
2842	0	True	0.3274722
2843	0	True	0.3274722
2844	0	False	0.133062
2845	0	False	0.14388582
2846	0	False	0.13012578
2847	0	False	0.10928321
2848	0	False	0.10988594
2849	0	False	0.10988594
2850	0	False	0.14246233
2851	0	False	0.17049067
2852	0	False	0.15532455
2853	0	False	0.1367649
2854	0	False	0.1367649
2855	0	False	0.118685976
2856	0	False	0.15670338
2857	0	False	0.1275488
2858	0	False	0.13867566
2859	0	False	0.12076964
2860	0	False	0.1824009
2861	0	True	0.30231404
2862	0	True	0.30231404
2863	0	True	0.30456594
2864	0	True	0.35676408
2865	0	True	0.3567153
2866	1	True	0.62788147
2867	0	False	0.10125958
2868	0	False	0.107277215
2869	0	False	0.1218411
2870	0	True	0.25598562
2871	0	True	0.25598562
2872	0	False	0.16517477
2873	0	False	0.16517477
2874	0	True	0.2177008
2875	0	True	0.20897913
2876	0	True	0.21106318
2877	0	False	0.17268917
2878	0	False	0.17268917
2879	0	False	0.09635106
2880	0	False	0.13953218
2881	0	False	0.14829035
2882	0	False	0.14829035
2883	0	False	0.12516668
2884	0	False	0.12516668
2885	1	False	0.15893523
2886	1	True	0.31268698
2887	1	True	0.20272434
2888	0	False	0.110069916
2889	0	False	0.10403772
2890	0	False	0.106654696
2891	0	False	0.10523895
2892	0	False	0.1321938
2893	0	False	0.18626237
2894	0	False	0.13054836
2895	0	False	0.118219994
2896	0	False	0.13417634
2897	0	False	0.1953607
2898	0	False	0.13992184
2899	0	False	0.09788458
2900	0	True	0.2882382
2901	0	False	0.14455742
2902	0	False	0.1294696
2903	0	False	0.123474635
2904	0	False	0.18233293
2905	0	False	0.13387884
2906	0	False	0.13741879
2907	0	False	0.1354992
2908	0	False	0.1589458
2909	0	False	0.15361857
2910	0	True	0.21105021
2911	0	True	0.1997445
2912	0	False	0.13526225
2913	0	False	0.182774
2914	0	False	0.182774
2915	0	False	0.12109465
2916	0	False	0.14513932
2917	0	False	0.14513932
2918	0	False	0.13080195
2919	0	False	0.12800531
2920	0	False	0.114067726
2921	0	False	0.114067726
2922	0	False	0.12509811
2923	0	False	0.11951807
2924	0	False	0.12253436
2925	0	True	0.41554102
2926	0	False	0.14702994
2927	0	False	0.14702994
2928	0	False	0.09697554
2929	0	False	0.095472924
2930	0	False	0.1269519
2931	0	False	0.1136529
2932	0	False	0.1138815
2933	0	False	0.10761544
2934	0	False	0.109196424
2935	0	False	0.093292356
2936	0	False	0.095871314
2937	0	False	0.14464207
2938	0	False	0.1559267
2939	0	False	0.1559267
2940	0	False	0.105039336
2941	0	False	0.18080102
2942	0	False	0.09100635
2943	0	False	0.10432179
2944	0	False	0.1073989
2945	0	False	0.1073989
2946	0	False	0.10895605
2947	0	False	0.094170414
2948	0	False	0.09120486
2949	0	False	0.1065704
2950	0	False	0.11314501
2951	0	False	0.09006595
2952	0	False	0.09370768
2953	0	False	0.082531355
2954	0	False	0.082531355
2955	0	False	0.09133011
2956	0	False	0.09133011
2957	0	False	0.11335991
2958	0	False	0.11335991
2959	0	False	0.11335991
2960	0	False	0.07750514
2961	0	False	0.09541011
2962	0	False	0.102358885
2963	0	False	0.105973765
2964	0	False	0.08174137
2965	0	False	0.08519999
2966	0	False	0.084742285
2967	0	False	0.087785594
2968	0	False	0.12239546
2969	0	False	0.07785528
2970	0	False	0.08817774
2971	0	False	0.088179715
2972	0	False	0.09284694
2973	0	False	0.077031374
2974	0	False	0.09145667
2975	0	False	0.09145667
2976	0	False	0.09764683
2977	0	False	0.08755129
2978	0	False	0.09834143
2979	0	False	0.093754366
2980	0	False	0.098312534
2981	0	False	0.087785594
2982	0	False	0.098203845
2983	0	False	0.15072274
2984	0	False	0.15072274
2985	0	False	0.1039173
2986	0	False	0.1039173
2987	0	False	0.10118771
2988	0	False	0.0851834
2989	0	False	0.105548
2990	0	False	0.105548
2991	1	False	0.13218975
2992	0	False	0.17256853
2993	0	False	0.1001039
2994	0	False	0.1028604
2995	0	False	0.1028604
2996	0	False	0.09709092
2997	0	False	0.103898965
2998	0	False	0.10665076
2999	0	False	0.10665076
3000	0	False	0.10266554
3001	0	False	0.12114101
3002	0	False	0.11806405
3003	1	False	0.12274567
3004	1	False	0.12067687
3005	1	False	0.16932306
3006	0	False	0.1134047
3007	0	False	0.09474319
3008	0	False	0.11065908
3009	1	False	0.10545742
3010	0	False	0.106288195
3011	0	False	0.11172702
3012	0	False	0.1144016
3013	0	False	0.10304902
3014	0	False	0.08688541
3015	0	False	0.15366374
3016	0	False	0.08559323
3017	1	True	0.8497822
3018	1	True	0.40074173
3019	1	True	0.5314223
3020	0	False	0.04800973
3021	0	False	0.044688012
3022	0	False	0.04178437
3023	0	False	0.04379558
3024	0	False	0.04760106
3025	0	False	0.043144785
3026	0	False	0.04719837
3027	0	False	0.0445152
3028	0	False	0.046711475
3029	0	False	0.04379558
3030	0	False	0.04379558
3031	0	False	0.04334185
3032	0	False	0.04125779
3033	0	False	0.041411456
3034	0	False	0.042078838
3035	0	False	0.04178437
3036	0	False	0.04284681
3037	0	False	0.04284681
3038	0	False	0.04178437
3039	0	False	0.04178437
3040	0	False	0.042421877
3041	0	False	0.04284681
3042	0	False	0.04284681
3043	0	False	0.044658937
3044	0	False	0.044718906
3045	0	False	0.04334185
3046	0	False	0.04284681
3047	0	False	0.041411456
3048	0	False	0.043921486
3049	0	False	0.04590884
3050	0	False	0.041411456
3051	0	False	0.041411456
3052	0	False	0.044131447
3053	0	False	0.041356523
3054	0	False	0.04284681
3055	0	False	0.04630007
3056	0	False	0.04284681
3057	0	False	0.04209773
3058	0	False	0.047634915
3059	0	False	0.041411456
3060	0	False	0.05517488
3061	0	False	0.042078838
3062	0	False	0.045473147
3063	0	False	0.047513895
3064	0	False	0.060478758
3065	0	False	0.04284681
3066	0	False	0.051650688
3067	0	False	0.052475423
3068	0	False	0.049467314
3069	0	False	0.04178437
3070	0	False	0.05072752
3071	0	False	0.04305312
3072	0	False	0.041048445
3073	0	False	0.07256123
3074	0	False	0.042335425
3075	0	False	0.04284681
3076	0	False	0.04284681
3077	0	False	0.053292505
3078	0	False	0.04460596
3079	0	False	0.048900995
3080	0	False	0.047728784
3081	0	False	0.04849564
3082	0	False	0.047119573
3083	0	False	0.059186287
3084	0	False	0.07007473
3085	0	False	0.057336662
3086	0	False	0.04596354
3087	0	False	0.04499469
3088	0	False	0.056265123
3089	0	False	0.049091097
3090	0	False	0.047046144
3091	0	False	0.05264099
3092	0	False	0.046650033
3093	0	False	0.044827443
3094	0	False	0.04608888
3095	0	False	0.044160724
3096	0	False	0.04608888
3097	0	False	0.049276266
3098	0	False	0.05539946
3099	0	False	0.044949826
3100	0	False	0.06281124
3101	0	False	0.04986039
3102	0	False	0.0525105
3103	0	False	0.046392854
3104	0	False	0.055743925
3105	0	False	0.06365537
3106	0	False	0.055052005
3107	0	False	0.05416867
3108	0	False	0.052252717
3109	0	False	0.051922474
3110	0	False	0.057909645
3111	0	False	0.05479631
3112	0	False	0.08017556
3113	0	False	0.07448818
3114	0	False	0.0957421
3115	0	False	0.08099414
3116	0	False	0.06817078
3117	0	False	0.06765769
3118	0	False	0.06602247
3119	0	False	0.07809052
3120	0	False	0.072162345
3121	0	False	0.07659032
3122	0	False	0.13110867
3123	0	False	0.089936525
3124	0	False	0.08343318
3125	0	False	0.1443821
3126	0	False	0.18678644
3127	0	False	0.14132135
3128	0	False	0.19685765
3129	0	False	0.19554652
3130	0	True	0.21576184
3131	0	True	0.31285352
3132	0	True	0.5542017
3133	0	True	0.45331302
3134	1	True	0.85544735
3135	1	True	0.6277609
3136	0	True	0.22941479
3137	1	True	0.46652123
3138	0	True	0.22264428
3139	0	False	0.09670032
3140	0	False	0.07630214
3141	0	False	0.17264558
3142	0	False	0.09585597
3143	0	False	0.09921561
3144	0	False	0.073088385
3145	0	False	0.16379522
3146	0	False	0.07428218
3147	0	False	0.079329744
3148	0	False	0.082716264
3149	0	False	0.12404407
3150	0	False	0.13085215
3151	0	False	0.10221171
3152	0	False	0.080744244
3153	0	False	0.07519802
3154	0	False	0.07214632
3155	0	False	0.07584643
3156	0	False	0.083874844
3157	0	False	0.070012234
3158	0	False	0.06402265
3159	0	False	0.056851845
3160	0	False	0.070174366
3161	0	False	0.05702929
3162	0	False	0.051638693
3163	0	False	0.07194953
3164	0	False	0.051737677
3165	0	False	0.054784924
3166	0	False	0.0632958
3167	0	False	0.05096667
3168	0	False	0.052294236
3169	0	False	0.050675113
3170	0	False	0.05371516
3171	0	False	0.054460183
3172	0	False	0.05132359
3173	0	False	0.051316183
3174	0	False	0.05443178
3175	0	False	0.073970824
3176	0	False	0.08531408
3177	0	False	0.059105698
3178	0	False	0.07351336
3179	0	False	0.055371787
3180	0	False	0.052947596
3181	0	False	0.056321137
3182	0	False	0.07343879
3183	0	False	0.04941174
3184	0	False	0.048859783
3185	0	False	0.04735292
3186	0	False	0.053608954
3187	0	False	0.053608954
3188	0	False	0.05992245
3189	0	False	0.056126773
3190	0	False	0.053591017
3191	0	False	0.052247893
3192	0	False	0.054918922
3193	0	False	0.047652997
3194	0	False	0.052783914
3195	0	False	0.052783914
3196	0	False	0.05463393
3197	0	False	0.07578459
3198	0	False	0.049702164
3199	0	False	0.05372842
3200	0	False	0.052410934
3201	0	False	0.06228804
3202	0	False	0.052303735
3203	0	False	0.054362796
3204	0	False	0.04284681
3205	0	False	0.048043355
3206	0	False	0.04178437
3207	0	False	0.04567561
3208	0	False	0.04683215
3209	0	False	0.05072752
3210	0	False	0.052154876
3211	0	False	0.048465516
3212	0	False	0.044146333
3213	0	False	0.04379558
3214	0	False	0.04284681
3215	0	False	0.043419003
3216	0	False	0.051074196
3217	0	False	0.04284681
3218	0	False	0.04284681
3219	0	False	0.04284681
3220	0	False	0.046711475
3221	0	False	0.04812232
3222	0	False	0.04522566
3223	0	False	0.050556477
3224	0	False	0.046019435
3225	0	False	0.05178102
3226	0	False	0.04576888
3227	0	False	0.05326365
3228	0	False	0.052878402
3229	0	False	0.04512583
3230	0	False	0.04559195
3231	0	False	0.04559195
3232	0	False	0.028460797
3233	0	False	0.025489554
3234	0	False	0.026067246
3235	0	False	0.027343528
3236	0	False	0.027581139
3237	0	False	0.026930325
3238	0	False	0.0281861
3239	0	False	0.026174378
3240	0	False	0.028066566
3241	0	False	0.027343528
3242	0	False	0.028043222
3243	0	False	0.02562577
3244	0	False	0.025162933
3245	0	False	0.025258234
3246	0	False	0.025672263
3247	0	False	0.025489554
3248	0	False	0.026368394
3249	0	False	0.026067246
3250	0	False	0.026067246
3251	0	False	0.02647158
3252	0	False	0.026741201
3253	0	False	0.025784206
3254	0	False	0.026419362
3255	0	False	0.025715224
3256	0	False	0.024771964
3257	0	False	0.025635988
3258	0	False	0.024898365
3259	0	False	0.025612503
3260	0	False	0.028385524
3261	0	False	0.025258234
3262	0	False	0.025258234
3263	0	False	0.025832891
3264	0	False	0.024811476
3265	0	False	0.027449487
3266	0	False	0.028842539
3267	0	False	0.026148975
3268	0	False	0.024620706
3269	0	False	0.028215788
3270	0	False	0.025258234
3271	0	False	0.030529633
3272	0	False	0.027611792
3273	0	False	0.02970573
3274	0	False	0.036550757
3275	0	False	0.026148975
3276	0	False	0.026363093
3277	0	False	0.026505973
3278	0	False	0.029715592
3279	0	False	0.026067246
3280	0	False	0.029535333
3281	0	False	0.025489554
3282	0	False	0.026345327
3283	0	False	0.047724318
3284	0	False	0.02490557
3285	0	False	0.025066944
3286	0	False	0.026741201
3287	0	False	0.029692408
3288	0	False	0.02930757
3289	0	False	0.027878985
3290	0	False	0.028336406
3291	0	False	0.028660182
3292	0	False	0.035768397
3293	0	False	0.037276655
3294	0	False	0.032671478
3295	0	False	0.030806905
3296	0	False	0.030916598
3297	0	False	0.029134223
3298	0	False	0.030314006
3299	0	False	0.029948656
3300	0	False	0.029703962
3301	0	False	0.027101444
3302	0	False	0.02891437
3303	0	False	0.03089528
3304	0	False	0.029596379
3305	0	False	0.030126633
3306	0	False	0.03427343
3307	0	False	0.030262394
3308	0	False	0.030635403
3309	0	False	0.030409511
3310	0	False	0.030785577
3311	0	False	0.037208695
3312	0	False	0.034932755
3313	0	False	0.031352635
3314	0	False	0.03050704
3315	0	False	0.030787429
3316	0	False	0.030588469
3317	0	False	0.03300916
3318	0	False	0.03961433
3319	0	False	0.047570717
3320	0	False	0.049546383
3321	0	False	0.067456305
3322	0	False	0.04591442
3323	0	False	0.038801216
3324	0	False	0.047729574
3325	0	False	0.04437673
3326	0	False	0.052934874
3327	0	False	0.044900592
3328	0	False	0.055979736
3329	0	False	0.043602966
3330	0	False	0.08637801
3331	0	False	0.046482656
3332	0	False	0.043068018
3333	0	False	0.051158223
3334	0	False	0.06114719
3335	0	False	0.051158223
3336	0	False	0.07339308
3337	0	False	0.075091
3338	0	False	0.081896484
3339	0	False	0.0815299
3340	0	False	0.08593211
3341	1	True	0.2227099
3342	0	False	0.084686235
3343	0	False	0.12357455
3344	0	False	0.09091894
3345	0	False	0.16245158
3346	0	False	0.16101003
3347	0	True	0.21135177
3348	1	True	0.5487527
3349	0	False	0.08832862
3350	0	False	0.107890524
3351	0	False	0.051965013
3352	0	False	0.058637135
3353	0	False	0.068510644
3354	0	False	0.07194989
3355	0	False	0.062138118
3356	0	False	0.045533527
3357	0	False	0.069671534
3358	0	False	0.06450822
3359	0	False	0.05332844
3360	0	False	0.055333108
3361	0	False	0.054710757
3362	0	False	0.057309896
3363	0	False	0.046059143
3364	0	False	0.041271996
3365	0	False	0.059690725
3366	0	False	0.046570845
3367	0	False	0.04382484
3368	0	False	0.030588469
3369	0	False	0.031955913
3370	0	False	0.04601596
3371	0	False	0.03145419
3372	0	False	0.036898702
3373	0	False	0.041489296
3374	0	False	0.030059706
3375	0	False	0.030059706
3376	0	False	0.034864444
3377	0	False	0.035843663
3378	0	False	0.040887136
3379	0	False	0.033036027
3380	0	False	0.028703025
3381	0	False	0.045379292
3382	0	False	0.036524646
3383	0	False	0.04584022
3384	0	False	0.03173996
3385	0	False	0.03650416
3386	0	False	0.036732007
3387	0	False	0.05270907
3388	0	False	0.031166306
3389	0	False	0.031597108
3390	0	False	0.031592343
3391	0	False	0.03622017
3392	0	False	0.03717504
3393	0	False	0.043017942
3394	0	False	0.037224643
3395	0	False	0.030455025
3396	0	False	0.028706226
3397	0	False	0.029989598
3398	0	False	0.028001525
3399	0	False	0.030435707
3400	0	False	0.031730417
3401	0	False	0.033719428
3402	0	False	0.033306435
3403	0	False	0.031340994
3404	0	False	0.030554751
3405	0	False	0.03662784
3406	0	False	0.030234642
3407	0	False	0.032464042
3408	0	False	0.029436214
3409	0	False	0.027425915
3410	0	False	0.025703585
3411	0	False	0.027979754
3412	0	False	0.0287017
3413	0	False	0.030201875
3414	0	False	0.03107059
3415	0	False	0.03013008
3416	0	False	0.027425915
3417	0	False	0.026962554
3418	0	False	0.026368394
3419	0	False	0.027798155
3420	0	False	0.029741718
3421	0	False	0.026148975
3422	0	False	0.026148975
3423	0	False	0.026148975
3424	0	False	0.028066566
3425	0	False	0.028066566
3426	0	False	0.029224575
3427	0	False	0.03166691
3428	0	False	0.027642746
3429	0	False	0.03126286
3430	0	False	0.028135223
3431	0	False	0.031823497
3432	0	False	0.031280532
3433	0	False	0.028442087
3434	0	False	0.028741062
3435	0	False	0.027634269
3436	0	False	0.036227774
3437	0	False	0.03228296
3438	0	False	0.033009402
3439	0	False	0.034335107
3440	0	False	0.03511673
3441	0	False	0.03381992
3442	0	False	0.03588088
3443	0	False	0.033818256
3444	0	False	0.035236325
3445	0	False	0.034335107
3446	0	False	0.034335107
3447	0	False	0.03245427
3448	0	False	0.033237908
3449	0	False	0.03438495
3450	0	False	0.03324505
3451	0	False	0.03228296
3452	0	False	0.033856604
3453	0	False	0.033009402
3454	0	False	0.033009402
3455	0	False	0.03351771
3456	0	False	0.033856604
3457	0	False	0.033112157
3458	0	False	0.04032466
3459	0	False	0.03349752
3460	0	False	0.03245427
3461	0	False	0.033112157
3462	0	False	0.033362743
3463	0	False	0.03430128
3464	0	False	0.035807583
3465	0	False	0.033362743
3466	0	False	0.033362743
3467	0	False	0.035159767
3468	0	False	0.032929532
3469	0	False	0.033112157
3470	0	False	0.032078415
3471	0	False	0.033112157
3472	0	False	0.034811225
3473	0	False	0.04367228
3474	0	False	0.038576607
3475	0	False	0.040390328
3476	0	False	0.032207295
3477	0	False	0.03905105
3478	0	False	0.04410241
3479	0	False	0.033112157
3480	0	False	0.0340439
3481	0	False	0.034351546
3482	0	False	0.037090767
3483	0	False	0.033009402
3484	0	False	0.03686747
3485	0	False	0.03228296
3486	0	False	0.033937126
3487	0	False	0.060679022
3488	0	False	0.033362743
3489	0	False	0.033112157
3490	0	False	0.033856604
3491	0	False	0.035241872
3492	0	False	0.033009402
3493	0	False	0.033856604
3494	0	False	0.03349752
3495	0	False	0.0340439
3496	0	False	0.033112157
3497	0	False	0.0393258
3498	0	False	0.042548157
3499	0	False	0.038175106
3500	0	False	0.034761287
3501	0	False	0.034020144
3502	0	False	0.036015555
3503	0	False	0.0360021
3504	0	False	0.03511619
3505	0	False	0.036772795
3506	0	False	0.03357237
3507	0	False	0.03493009
3508	0	False	0.041891184
3509	0	False	0.040131252
3510	0	False	0.041891184
3511	0	False	0.048050903
3512	0	False	0.040851433
3513	0	False	0.039864875
3514	0	False	0.034761287
3515	0	False	0.036421966
3516	0	False	0.041891184
3517	0	False	0.060436085
3518	0	False	0.05205653
3519	0	False	0.03552402
3520	0	False	0.035343524
3521	0	False	0.03511619
3522	0	False	0.03414844
3523	0	False	0.041458577
3524	0	False	0.042322785
3525	0	False	0.041946236
3526	0	False	0.042298518
3527	0	False	0.046374463
3528	0	False	0.05499613
3529	0	False	0.04405408
3530	0	False	0.04296305
3531	0	False	0.04195846
3532	0	False	0.04377703
3533	0	False	0.049528763
3534	0	False	0.046391673
3535	0	False	0.0507214
3536	0	False	0.046064127
3537	0	False	0.04369982
3538	0	False	0.04063068
3539	0	False	0.04107823
3540	0	False	0.04063068
3541	0	False	0.04093575
3542	0	False	0.048678767
3543	0	False	0.051933777
3544	0	False	0.043700714
3545	0	False	0.039507635
3546	0	False	0.039072912
3547	0	False	0.05872539
3548	0	False	0.04493653
3549	0	False	0.05245102
3550	0	False	0.03943247
3551	0	False	0.044290002
3552	0	False	0.042083893
3553	0	False	0.043541323
3554	0	False	0.06753429
3555	0	False	0.043541323
3556	0	False	0.05044219
3557	0	False	0.050522875
3558	0	False	0.04455702
3559	0	False	0.048583996
3560	0	False	0.05230753
3561	0	False	0.043541323
3562	0	False	0.048495874
3563	0	False	0.050301522
3564	0	False	0.049314428
3565	0	False	0.04576379
3566	0	False	0.08706798
3567	0	False	0.06132184
3568	0	False	0.05264443
3569	0	False	0.052445687
3570	0	False	0.051854033
3571	0	False	0.052764297
3572	0	False	0.061195474
3573	0	False	0.042137865
3574	0	False	0.06771978
3575	0	False	0.06337669
3576	0	False	0.0706283
3577	0	False	0.07553038
3578	0	False	0.12439161
3579	0	False	0.18048593
3580	0	False	0.12758838
3581	0	False	0.073859796
3582	0	False	0.088579185
3583	0	False	0.06794838
3584	0	False	0.088828035
3585	0	False	0.08382139
3586	0	False	0.08605304
3587	0	False	0.1883772
3588	0	False	0.16960639
3589	0	True	0.20032535
3590	0	True	0.34570575
3591	1	True	0.7327112
3592	0	True	0.4791116
3593	1	True	0.6138163
3594	0	True	0.4738817
3595	1	True	0.66517437
3596	1	True	0.71416616
3597	1	True	0.7733845
3598	1	True	0.612962
3599	0	True	0.23937511
3600	0	True	0.24992783
3601	0	True	0.34129956
3602	0	True	0.25290293
3603	1	False	0.115150906
3604	0	False	0.1920368
3605	0	False	0.09329255
3606	0	False	0.13342111
3607	0	False	0.074565485
3608	0	False	0.074565485
3609	0	False	0.070332184
3610	0	True	0.2597932
3611	0	False	0.07881306
3612	0	False	0.0855129
3613	0	False	0.08144105
3614	0	False	0.11318559
3615	0	False	0.08278007
3616	0	False	0.116612464
3617	0	False	0.09982221
3618	0	False	0.059621327
3619	0	False	0.045299098
3620	0	False	0.03563505
3621	0	False	0.040165845
3622	0	False	0.034744944
3623	0	False	0.03563505
3624	0	False	0.0458168
3625	0	False	0.04711284
3626	0	False	0.036160987
3627	0	False	0.03563505
3628	0	False	0.03613775
3629	0	False	0.03672424
3630	0	False	0.03721785
3631	0	False	0.04025591
3632	0	False	0.03591908
3633	0	False	0.03591908
3634	0	False	0.03485291
3635	0	False	0.045526307
3636	0	False	0.037084468
3637	0	False	0.039609183
3638	0	False	0.03726301
3639	0	False	0.034708105
3640	0	False	0.04395701
3641	0	False	0.03809588
3642	0	False	0.04472959
3643	0	False	0.040256463
3644	0	False	0.037556395
3645	0	False	0.037947435
3646	0	False	0.042576205
3647	0	False	0.029239021
3648	0	False	0.025023071
3649	0	False	0.025590468
3650	0	False	0.026626425
3651	0	False	0.028118905
3652	0	False	0.026223764
3653	0	False	0.028735312
3654	0	False	0.028051987
3655	0	False	0.028433193
3656	0	False	0.026626425
3657	0	False	0.026626425
3658	0	False	0.026813392
3659	0	False	0.024707483
3660	0	False	0.024801102
3661	0	False	0.02520783
3662	0	False	0.025023071
3663	0	False	0.02625243
3664	0	False	0.02625243
3665	0	False	0.025590468
3666	0	False	0.025590468
3667	0	False	0.025987606
3668	0	False	0.02625243
3669	0	False	0.025670743
3670	0	False	0.027389282
3671	0	False	0.026813392
3672	0	False	0.026813392
3673	0	False	0.025670743
3674	0	False	0.028290974
3675	0	False	0.026331998
3676	0	False	0.027045885
3677	0	False	0.025866518
3678	0	False	0.025866518
3679	0	False	0.02645464
3680	0	False	0.024762414
3681	0	False	0.026463728
3682	0	False	0.027779868
3683	0	False	0.025670743
3684	0	False	0.024724133
3685	0	False	0.032412995
3686	0	False	0.027695986
3687	0	False	0.0305665
3688	0	False	0.02727999
3689	0	False	0.029657861
3690	0	False	0.036593556
3691	0	False	0.025670743
3692	0	False	0.02725382
3693	0	False	0.027787209
3694	0	False	0.02878184
3695	0	False	0.025590468
3696	0	False	0.029531445
3697	0	False	0.025023071
3698	0	False	0.024574785
3699	0	False	0.0443839
3700	0	False	0.026665386
3701	0	False	0.025670743
3702	0	False	0.02625243
3703	0	False	0.03002765
3704	0	False	0.02625243
3705	0	False	0.027570615
3706	0	False	0.028023122
3707	0	False	0.027031226
3708	0	False	0.033054415
3709	0	False	0.032901302
3710	0	False	0.028629545
3711	0	False	0.032997258
3712	0	False	0.032292467
3713	0	False	0.029117582
3714	0	False	0.03184557
3715	0	False	0.030908542
3716	0	False	0.03357952
3717	0	False	0.02968992
3718	0	False	0.029433563
3719	0	False	0.031933557
3720	0	False	0.030578617
3721	0	False	0.031933557
3722	0	False	0.04426138
3723	0	False	0.035200052
3724	0	False	0.03017007
3725	0	False	0.03248546
3726	0	False	0.031132925
3727	0	False	0.03248546
3728	0	False	0.034936085
3729	0	False	0.031589348
3730	0	False	0.032302808
3731	0	False	0.031134797
3732	0	False	0.030933665
3733	0	False	0.032537702
3734	0	False	0.029802455
3735	0	False	0.045646332
3736	0	False	0.035448056
3737	0	False	0.042314377
3738	0	False	0.03898668
3739	0	False	0.03135428
3740	0	False	0.032053605
3741	0	False	0.03125006
3742	0	False	0.035299055
3743	0	False	0.038695928
3744	0	False	0.038749088
3745	0	False	0.050345425
3746	0	False	0.045647744
3747	0	False	0.042198457
3748	0	False	0.052534193
3749	0	False	0.07440839
3750	0	False	0.05279927
3751	0	False	0.04008833
3752	0	False	0.062023073
3753	0	False	0.0696297
3754	0	False	0.052575897
3755	0	False	0.042831168
3756	0	False	0.043267235
3757	0	False	0.08873994
3758	0	False	0.046976656
3759	0	False	0.06630532
3760	0	False	0.06361326
3761	0	False	0.09235336
3762	0	False	0.099913046
3763	0	False	0.060225435
3764	0	False	0.13502307
3765	0	False	0.066490345
3766	0	False	0.07059372
3767	0	False	0.11603112
3768	0	False	0.15119173
3769	0	False	0.1018957
3770	0	False	0.17182006
3771	0	True	0.19928354
3772	0	False	0.15749365
3773	0	False	0.11356072
3774	0	False	0.15725903
3775	1	False	0.1973561
3776	1	False	0.16518916
3777	0	False	0.074352235
3778	0	False	0.07133221
3779	0	False	0.0724705
3780	0	False	0.0759526
3781	0	False	0.0759088
3782	0	False	0.11392992
3783	0	False	0.06677537
3784	0	False	0.048627663
3785	0	False	0.039618067
3786	0	False	0.043267235
3787	0	False	0.06737677
3788	0	False	0.04448508
3789	0	False	0.047090627
3790	1	False	0.053157274
3791	0	False	0.03546106
3792	0	False	0.037283406
3793	0	False	0.03299319
3794	0	False	0.035011604
3795	0	False	0.033231203
3796	0	False	0.031582
3797	0	False	0.036059197
3798	0	False	0.041851826
3799	0	False	0.03903594
3800	0	False	0.04375094
3801	0	False	0.03027602
3802	0	False	0.028875353
3803	0	False	0.028208906
3804	0	False	0.03812254
3805	0	False	0.034549583
3806	0	False	0.03406363
3807	0	False	0.032997258
3808	0	False	0.031439524
3809	0	False	0.031439524
3810	0	False	0.03636877
3811	0	False	0.03295238
3812	0	False	0.031428758
3813	0	False	0.030148707
3814	0	False	0.032226216
3815	0	False	0.030467905
3816	0	False	0.031415988
3817	0	False	0.031415988
3818	0	False	0.032542814
3819	0	False	0.045540094
3820	0	False	0.03229818
3821	0	False	0.028075745
3822	0	False	0.027369099
3823	0	False	0.03846545
3824	0	False	0.034191314
3825	0	False	0.034399457
3826	0	False	0.030700333
3827	0	False	0.027642867
3828	0	False	0.028850425
3829	0	False	0.02631409
3830	0	False	0.026994247
3831	0	False	0.031047653
3832	0	False	0.03106651
3833	0	False	0.032062918
3834	0	False	0.02625243
3835	0	False	0.026626425
3836	0	False	0.02625243
3837	0	False	0.026609177
3838	0	False	0.029737804
3839	0	False	0.025670743
3840	0	False	0.025670743
3841	0	False	0.025670743
3842	0	False	0.028433193
3843	0	False	0.028433193
3844	0	False	0.028158382
3845	0	False	0.031952735
3846	0	False	0.028003996
3847	0	False	0.031349804
3848	0	False	0.028502721
3849	0	False	0.032565113
3850	0	False	0.033791333
3851	0	False	0.028095119
3852	0	False	0.028390553
3853	0	False	0.028390553
3854	1	True	0.79112524
3855	1	True	0.76562166
3856	1	True	0.90107334
