	Significant	y_pred	y_prob
0	1	False	0.06718303
1	1	False	0.14306162
2	1	True	0.80656785
3	1	True	0.8960393
4	1	True	0.8864435
5	1	True	0.7143558
6	0	False	0.08138401
7	0	False	0.08328615
8	0	False	0.10251172
9	0	False	0.08138401
10	0	False	0.05758954
11	0	False	0.06321825
12	0	False	0.059312288
13	0	False	0.05873008
14	0	False	0.060420018
15	0	False	0.057768237
16	0	False	0.06525392
17	0	False	0.060732465
18	0	False	0.063067004
19	0	False	0.057930525
20	0	False	0.057195503
21	0	False	0.06584473
22	0	False	0.04824807
23	0	False	0.05732056
24	0	False	0.05126305
25	0	False	0.05668313
26	0	False	0.103204235
27	0	False	0.04530149
28	0	False	0.05640433
29	0	False	0.06480636
30	0	False	0.05269937
31	0	False	0.06635699
32	0	False	0.06197927
33	0	False	0.073858164
34	0	False	0.04898736
35	0	False	0.08165726
36	0	False	0.07013572
37	0	False	0.06975042
38	0	False	0.06331186
39	0	False	0.051563587
40	0	False	0.062321354
41	0	False	0.051934786
42	0	False	0.05188118
43	0	False	0.06497251
44	0	False	0.052048765
45	0	False	0.052877758
46	0	False	0.046757713
47	0	False	0.054987546
48	0	False	0.060921147
49	0	False	0.055588253
50	0	False	0.06252513
51	0	False	0.04838562
52	0	False	0.08712147
53	0	False	0.06087852
54	0	False	0.057930525
55	0	False	0.06541309
56	0	False	0.075276166
57	0	False	0.09138703
58	0	False	0.08362476
59	0	False	0.06822679
60	0	False	0.08010524
61	0	False	0.10197294
62	0	False	0.12819508
63	0	False	0.14442758
64	0	False	0.10804882
65	0	True	0.24460137
66	0	True	0.33380613
67	0	True	0.2624511
68	0	True	0.48550355
69	1	True	0.87787974
70	1	True	0.56815976
71	1	True	0.85211855
72	1	True	0.6154531
73	1	True	0.5523304
74	0	True	0.30807602
75	0	False	0.108403556
76	0	False	0.101256475
77	0	False	0.102443345
78	0	False	0.11536561
79	0	False	0.06832844
80	0	False	0.07961548
81	0	False	0.071082614
82	0	False	0.08240927
83	0	False	0.068607636
84	0	False	0.07805145
85	0	False	0.09514809
86	0	False	0.055620216
87	0	False	0.061676543
88	0	False	0.069990896
89	0	False	0.060579766
90	0	False	0.056350198
91	0	False	0.046911795
92	0	False	0.0597973
93	0	False	0.061502382
94	0	False	0.06739422
95	0	False	0.06272522
96	0	False	0.059988145
97	0	False	0.053492647
98	0	False	0.0545589
99	0	False	0.06890388
100	0	False	0.09800498
101	0	False	0.06974883
102	0	False	0.058496032
103	0	False	0.04860952
104	0	False	0.045932274
105	0	False	0.0553612
106	0	False	0.06259433
107	0	False	0.05860148
108	0	False	0.042364635
109	0	False	0.07534904
110	0	False	0.07567708
111	0	False	0.07616103
112	0	False	0.048338484
113	0	False	0.05162687
114	0	False	0.06672284
115	0	False	0.05739854
116	0	False	0.053354252
117	0	False	0.05708065
118	0	False	0.07271159
119	0	False	0.062014095
120	0	False	0.0652149
121	0	False	0.065842
122	0	False	0.056777682
123	0	False	0.060748678
124	0	False	0.081354015
125	0	False	0.06615707
126	0	False	0.0627795
127	0	False	0.057930525
128	0	False	0.060040213
129	1	True	0.68432444
130	1	True	0.5556344
131	1	True	0.617818
132	1	True	0.5634905
133	1	True	0.23575914
134	1	False	0.18507904
135	1	True	0.56218284
136	1	True	0.844246
137	1	True	0.8560288
138	1	True	0.4107809
139	1	True	0.3482873
140	1	True	0.8471327
141	0	False	0.031935554
142	0	False	0.03118929
143	0	False	0.033664115
144	0	False	0.029265383
145	0	False	0.03118929
146	0	False	0.030555114
147	0	False	0.03306404
148	0	False	0.035749648
149	0	False	0.03498594
150	0	False	0.037798464
151	0	False	0.0417194
152	0	False	0.04095623
153	0	False	0.031568427
154	0	False	0.03607542
155	0	False	0.039565705
156	0	False	0.040349603
157	0	False	0.038589247
158	0	False	0.037531305
159	0	False	0.041831467
160	0	False	0.038316377
161	0	False	0.033539586
162	0	False	0.04233221
163	0	False	0.043615095
164	0	False	0.043102186
165	0	False	0.03460073
166	0	False	0.03721717
167	0	False	0.03767072
168	0	False	0.043347187
169	0	False	0.036397908
170	0	False	0.044731285
171	0	False	0.04496337
172	0	False	0.039462596
173	0	False	0.039779603
174	0	False	0.041056626
175	0	False	0.038024068
176	0	False	0.043273415
177	0	False	0.03969364
178	0	False	0.053862035
179	0	False	0.038801722
180	0	False	0.04029447
181	0	False	0.061048307
182	0	False	0.054571126
183	0	False	0.05651837
184	0	False	0.05445215
185	0	False	0.047390524
186	0	False	0.052607186
187	0	False	0.06383396
188	0	False	0.097129025
189	0	False	0.05559123
190	0	False	0.11815071
191	0	True	0.260908
192	0	False	0.13733612
193	0	False	0.14513859
194	0	False	0.11208845
195	0	False	0.17136312
196	0	True	0.28910455
197	0	False	0.19120409
198	0	True	0.3190623
199	0	True	0.24052308
200	0	False	0.14042383
201	0	True	0.42329457
202	0	True	0.25208497
203	0	False	0.0846769
204	0	False	0.13751544
205	0	False	0.064391434
206	0	False	0.061378505
207	0	False	0.0743063
208	0	False	0.085314676
209	0	False	0.05577291
210	0	False	0.056217078
211	0	False	0.054260533
212	0	False	0.062486883
213	0	False	0.036691073
214	0	False	0.042768564
215	0	False	0.039311696
216	0	False	0.03528967
217	0	False	0.03873853
218	0	False	0.04169377
219	0	False	0.035148624
220	0	False	0.03864933
221	0	False	0.038505223
222	0	False	0.041537534
223	0	False	0.045697615
224	0	False	0.0461017
225	0	False	0.04251505
226	0	False	0.035170306
227	0	False	0.03597172
228	0	False	0.043145973
229	0	False	0.04526926
230	0	False	0.037291102
231	0	False	0.041706346
232	0	False	0.03536601
233	0	False	0.036738116
234	0	False	0.03676114
235	0	False	0.036891036
236	0	False	0.035687912
237	0	False	0.034402594
238	0	False	0.034402594
239	0	False	0.034402594
240	0	False	0.041819684
241	0	False	0.048165377
242	0	False	0.046552833
243	0	False	0.045988873
244	0	False	0.052125234
245	0	False	0.045072973
246	0	False	0.046136096
247	0	False	0.051345043
248	0	False	0.05325273
249	0	False	0.049254503
250	0	False	0.05228989
251	0	False	0.055972163
252	0	False	0.045497354
253	0	False	0.049254503
254	0	False	0.05421083
255	0	False	0.05298558
256	0	False	0.060302358
257	0	False	0.06403
258	0	False	0.06553615
259	0	False	0.05418751
260	0	False	0.052112903
261	0	False	0.05582073
262	0	False	0.060029373
263	0	False	0.059144024
264	0	False	0.052714583
265	0	False	0.05610589
266	0	False	0.06078579
267	0	False	0.048669606
268	0	False	0.055473402
269	0	False	0.055682074
270	0	False	0.060664013
271	0	False	0.056102492
272	0	False	0.05895479
273	0	False	0.051937312
274	0	False	0.057320856
275	0	False	0.06659955
276	0	False	0.08036288
277	0	False	0.07175575
278	0	False	0.06937104
279	0	False	0.08538117
280	0	False	0.07758021
281	0	False	0.12844053
282	0	False	0.11124882
283	0	False	0.15661357
284	0	True	0.2308581
285	0	True	0.4474897
286	0	False	0.20467085
287	0	False	0.12962061
288	0	False	0.19335136
289	0	False	0.1357054
290	0	False	0.20045519
291	0	False	0.15004191
292	1	False	0.10432823
293	1	True	0.23266216
294	1	False	0.10342416
295	0	False	0.07762713
296	0	False	0.066972464
297	0	False	0.08653485
298	0	False	0.13081461
299	0	False	0.06305931
300	0	False	0.06974405
301	0	False	0.086088784
302	0	False	0.096783236
303	0	False	0.065351225
304	0	False	0.05542441
305	0	False	0.05721379
306	0	False	0.06454273
307	0	False	0.056656618
308	0	False	0.05827568
309	0	False	0.05654035
310	0	False	0.060838
311	0	False	0.06156329
312	0	False	0.06441394
313	0	False	0.055915788
314	0	False	0.05873605
315	0	False	0.063101046
316	0	False	0.06807821
317	0	False	0.07014772
318	0	False	0.06543729
319	0	False	0.061563436
320	0	False	0.057021122
321	0	False	0.055465434
322	0	False	0.052559394
323	0	False	0.055894785
324	0	False	0.051081665
325	0	False	0.051831827
326	0	False	0.054024577
327	0	False	0.052620105
328	0	False	0.050671212
329	0	False	0.05217525
330	0	False	0.050312463
331	0	False	0.04812421
332	0	False	0.050969794
333	0	False	0.047025155
334	0	False	0.031958804
335	0	False	0.03392727
336	0	False	0.029958965
337	0	False	0.02669785
338	0	False	0.034476757
339	0	False	0.029292062
340	0	False	0.03458152
341	0	False	0.034486797
342	0	False	0.03384771
343	0	False	0.036041126
344	0	False	0.038726732
345	0	False	0.042504024
346	0	False	0.03131189
347	0	False	0.03724545
348	0	False	0.039681684
349	0	False	0.0379303
350	0	False	0.040379386
351	0	False	0.041055318
352	0	False	0.039643805
353	0	False	0.033234354
354	0	False	0.030616237
355	0	False	0.046025287
356	0	False	0.046113025
357	0	False	0.04309315
358	0	False	0.03707884
359	0	False	0.0399977
360	0	False	0.036239255
361	0	False	0.03918761
362	0	False	0.031616032
363	0	False	0.036104877
364	0	False	0.037069306
365	0	False	0.034277048
366	0	False	0.034595598
367	0	False	0.034719475
368	0	False	0.034889426
369	0	False	0.04206138
370	0	False	0.03731115
371	0	False	0.04649183
372	0	False	0.03883118
373	0	False	0.041518554
374	0	False	0.05030593
375	0	False	0.043881405
376	0	False	0.047515407
377	0	False	0.046212465
378	0	False	0.049684364
379	0	False	0.047853373
380	0	False	0.06022479
381	0	False	0.06560383
382	0	False	0.060658526
383	0	False	0.05032458
384	0	False	0.063154176
385	0	False	0.07683394
386	0	False	0.057955474
387	0	False	0.054675896
388	0	False	0.05885074
389	0	False	0.06819182
390	0	False	0.068525754
391	0	False	0.0660356
392	0	False	0.05488133
393	0	False	0.049177825
394	0	False	0.098777324
395	0	False	0.053257033
396	0	False	0.052713092
397	0	False	0.0667158
398	0	False	0.056403242
399	0	False	0.08314846
400	0	False	0.1126096
401	0	False	0.06772285
402	0	False	0.09160208
403	0	False	0.106458545
404	0	False	0.10623298
405	0	False	0.08283329
406	0	False	0.12296536
407	0	False	0.11093117
408	0	False	0.11606541
409	0	False	0.09196349
410	0	False	0.15418884
411	0	True	0.49092624
412	0	True	0.46383488
413	0	True	0.4164669
414	0	True	0.5079736
415	0	True	0.6227607
416	0	True	0.37162474
417	0	False	0.18709947
418	0	False	0.061919264
419	0	False	0.059883274
420	0	False	0.056633852
421	0	False	0.05624118
422	0	False	0.054503005
423	0	False	0.050562587
424	0	False	0.049017005
425	0	False	0.043811604
426	0	False	0.04297199
427	0	False	0.046750568
428	0	False	0.038637828
429	0	False	0.03649055
430	0	False	0.03687971
431	0	False	0.03687971
432	0	False	0.052200094
433	0	False	0.056241434
434	0	False	0.052017372
435	0	False	0.0549117
436	0	False	0.057930224
437	0	False	0.056553338
438	0	False	0.055300128
439	0	False	0.0642722
440	0	False	0.062573195
441	0	False	0.060866293
442	0	False	0.06828597
443	0	False	0.07090032
444	0	False	0.058924828
445	0	False	0.06046511
446	0	False	0.066922724
447	0	False	0.06404922
448	0	False	0.060293954
449	0	False	0.062480874
450	0	False	0.05682971
451	0	False	0.049609076
452	0	False	0.050424516
453	0	False	0.06855307
454	0	False	0.074916475
455	0	False	0.06707049
456	0	False	0.06687489
457	0	False	0.078057915
458	0	False	0.06939083
459	0	False	0.076221615
460	0	False	0.07714015
461	0	False	0.072302885
462	0	False	0.07133368
463	0	False	0.072619006
464	0	False	0.07031342
465	0	False	0.08476111
466	0	False	0.07108604
467	0	False	0.090457834
468	0	False	0.081414476
469	0	False	0.08152888
470	0	False	0.11622906
471	0	False	0.09723247
472	0	False	0.11254629
473	0	False	0.10704721
474	0	False	0.10373799
475	0	False	0.106187254
476	0	False	0.1515318
477	0	False	0.14427759
478	0	True	0.26656112
479	0	True	0.41332364
480	0	True	0.51268333
481	0	True	0.3914721
482	1	True	0.5147876
483	1	True	0.8633364
484	1	True	0.68376154
485	0	False	0.14352629
486	0	False	0.13448487
487	0	False	0.122315
488	0	False	0.19460158
489	0	False	0.10573828
490	0	False	0.11493715
491	0	False	0.12865946
492	0	False	0.12970537
493	0	False	0.10528782
494	0	False	0.07722147
495	0	False	0.07471556
496	0	False	0.0835049
497	0	False	0.07243578
498	0	False	0.08062313
499	0	False	0.07654601
500	0	False	0.0694694
501	0	False	0.06957782
502	0	False	0.07236851
503	0	False	0.05390943
504	0	False	0.06294445
505	0	False	0.06572223
506	0	False	0.07098859
507	0	False	0.0755641
508	0	False	0.067617945
509	0	False	0.07256707
510	0	False	0.06322781
511	0	False	0.05695452
512	0	False	0.068701856
513	0	False	0.06806848
514	0	False	0.070087284
515	0	False	0.06425913
516	0	False	0.06959696
517	0	False	0.06570754
518	0	False	0.06105846
519	0	False	0.06388413
520	0	False	0.06388413
521	0	False	0.06164823
522	0	False	0.06366057
523	0	False	0.06366057
524	1	False	0.20757502
525	1	True	0.6807531
526	1	True	0.6970712
527	1	False	0.20308605
528	1	False	0.17631891
529	1	True	0.44721258
530	1	True	0.7189554
531	1	True	0.5966075
532	1	False	0.21745981
533	0	False	0.03226163
534	0	False	0.03914856
535	0	False	0.030138915
536	0	False	0.0297207
537	0	False	0.034940682
538	0	False	0.03439519
539	0	False	0.05018283
540	0	False	0.05855753
541	0	False	0.03676535
542	0	False	0.04543211
543	0	False	0.04753248
544	0	False	0.05511595
545	0	False	0.047722135
546	0	False	0.07937115
547	0	False	0.18061996
548	0	False	0.07294339
549	0	False	0.07565729
550	0	False	0.0679111
551	0	False	0.07714424
552	0	False	0.10457268
553	0	False	0.14352465
554	0	False	0.08010846
555	0	False	0.08088713
556	0	False	0.10377108
557	0	False	0.05053725
558	0	False	0.06036625
559	0	False	0.05600462
560	0	False	0.056521926
561	0	False	0.048096497
562	0	False	0.053889297
563	0	False	0.061658975
564	0	False	0.05144721
565	0	False	0.053024616
566	0	False	0.041076545
567	0	False	0.04350717
568	0	False	0.044550423
569	0	False	0.043694388
570	0	False	0.057381872
571	0	False	0.04324527
572	0	False	0.03636826
573	0	False	0.03717772
574	0	False	0.035874
575	0	False	0.048436
576	0	False	0.032250516
577	0	False	0.04018647
578	0	False	0.03268177
579	0	False	0.0370045
580	0	False	0.036628943
581	0	False	0.03538661
582	0	False	0.039150473
583	0	False	0.040836837
584	0	False	0.032082193
585	0	False	0.04031445
586	0	False	0.03503444
587	0	False	0.04305094
588	0	False	0.034441758
589	0	False	0.03541179
590	0	False	0.0425271
591	0	False	0.041793842
592	0	False	0.055314492
593	0	False	0.038697187
594	0	False	0.03469952
595	0	False	0.035486504
596	0	False	0.0453902
597	0	False	0.032800864
598	0	False	0.038820826
599	0	False	0.034057938
600	0	False	0.034057938
601	0	False	0.03237303
602	0	False	0.03171711
603	0	False	0.0316521
604	0	False	0.030333867
605	0	False	0.028015673
606	0	False	0.032638345
607	0	False	0.03366759
608	0	False	0.031496536
609	0	False	0.03208723
610	0	False	0.031925637
611	0	False	0.031111214
612	0	False	0.031096486
613	0	False	0.029562565
614	0	False	0.023418145
615	0	False	0.029946884
616	0	False	0.02126503
617	0	False	0.026842562
618	0	False	0.028291695
619	0	False	0.026677346
620	0	False	0.039685253
621	0	False	0.050221846
622	0	False	0.028261777
623	0	False	0.03400854
624	0	False	0.033649582
625	0	False	0.028321441
626	0	False	0.032608543
627	0	False	0.030537581
628	0	False	0.030797739
629	0	False	0.033724703
630	0	False	0.033769205
631	0	False	0.031217579
632	0	False	0.03222651
633	0	False	0.042229928
634	0	False	0.037887394
635	0	False	0.04054112
636	0	False	0.03744655
637	0	False	0.04097186
638	0	False	0.035812277
639	0	False	0.03352307
640	0	False	0.038655642
641	0	False	0.047467124
642	0	False	0.048565228
643	0	False	0.053566948
644	0	False	0.035160217
645	0	False	0.059095014
646	0	False	0.039506253
647	0	False	0.038932316
648	0	False	0.05939394
649	0	False	0.07300065
650	0	False	0.09893288
651	0	False	0.061634634
652	0	True	0.30341232
653	0	False	0.09644519
654	0	False	0.036939826
655	0	False	0.038375344
656	0	False	0.03201533
657	0	False	0.036421597
658	0	False	0.034291927
659	0	False	0.037880346
660	0	False	0.03426247
661	0	False	0.034446966
662	0	False	0.029616518
663	0	False	0.046046007
664	0	False	0.03206546
665	0	False	0.046348583
666	0	False	0.03577957
667	0	False	0.032355543
668	0	False	0.04272446
669	0	False	0.035522703
670	0	False	0.05099499
671	0	False	0.04012151
672	0	False	0.03781996
673	0	False	0.03487539
674	0	False	0.042218514
675	0	False	0.031096295
676	0	False	0.033731323
677	0	False	0.026657686
678	0	False	0.026657686
679	0	False	0.031394593
680	0	False	0.028732285
681	0	False	0.026890323
682	0	False	0.027512148
683	0	False	0.024964623
684	0	False	0.02678755
685	0	False	0.028064342
686	0	False	0.030809393
687	0	False	0.026435187
688	0	False	0.03176926
689	0	False	0.026333313
690	0	False	0.027275698
691	0	False	0.024813997
692	0	False	0.026888756
693	0	False	0.024821194
694	0	False	0.024338845
695	0	False	0.025977772
696	0	False	0.028473333
697	0	False	0.028675556
698	0	False	0.03553389
699	0	False	0.051336836
700	0	False	0.03716468
701	0	False	0.04438947
702	0	False	0.036876358
703	1	False	0.073932596
704	0	False	0.035667997
705	0	False	0.029380165
706	0	False	0.029975336
707	0	False	0.032603182
708	0	False	0.026731003
709	0	False	0.025736338
710	0	False	0.035146553
711	0	False	0.039216273
712	0	False	0.034189172
713	0	False	0.033221263
714	0	False	0.04055119
715	0	False	0.031984817
716	0	False	0.029880079
717	0	False	0.029779796
718	0	False	0.0300973
719	0	False	0.028384266
720	0	False	0.027944935
721	0	False	0.030299786
722	0	False	0.029829385
723	0	False	0.033687368
724	0	False	0.03003873
725	0	False	0.03003873
726	0	False	0.026374228
727	0	False	0.024494689
728	0	False	0.032945838
729	0	False	0.027123531
730	0	False	0.02558881
731	0	False	0.027434388
732	0	False	0.027434388
733	0	False	0.030759197
734	0	False	0.01978203
735	0	False	0.023528282
736	0	False	0.022728194
737	0	False	0.02171446
738	0	False	0.022845894
739	0	False	0.020867739
740	0	False	0.023214709
741	0	False	0.02433397
742	0	False	0.019878795
743	0	False	0.026084434
744	0	False	0.023624798
745	0	False	0.024445033
746	0	False	0.018920887
747	0	False	0.023099344
748	0	False	0.032071274
749	0	False	0.022788232
750	0	False	0.033586487
751	0	False	0.024701893
752	0	False	0.023969853
753	0	False	0.02022939
754	0	False	0.031358574
755	0	False	0.021998456
756	0	False	0.021465216
757	0	False	0.02118491
758	0	False	0.02118491
759	0	False	0.02118491
760	0	False	0.018862713
761	0	False	0.02097359
762	0	False	0.017792128
763	0	False	0.017055962
764	0	False	0.019285968
765	0	False	0.019228535
766	0	False	0.023709739
767	0	False	0.01770539
768	0	False	0.01825561
769	0	False	0.02021653
770	0	False	0.020462656
771	0	False	0.020478213
772	0	False	0.018814525
773	0	False	0.018785384
774	0	False	0.019976897
775	0	False	0.021874731
776	0	False	0.021280672
777	0	False	0.024144204
778	0	False	0.032271694
779	0	False	0.043820605
780	0	False	0.022738596
781	0	False	0.026887951
782	0	False	0.026197404
783	0	False	0.023806881
784	0	False	0.024419285
785	0	False	0.026247062
786	0	False	0.026089722
787	0	False	0.03141889
788	0	False	0.030795712
789	0	False	0.029262519
790	0	False	0.02666595
791	0	False	0.037226953
792	0	False	0.06578659
793	0	False	0.04045619
794	0	False	0.04053687
795	0	False	0.037972316
796	0	False	0.042132467
797	0	False	0.04107724
798	0	False	0.041943938
799	0	False	0.052468166
800	0	False	0.052454397
801	0	False	0.050894298
802	0	False	0.056155823
803	0	False	0.05177629
804	0	False	0.20485471
805	0	False	0.17609048
806	1	True	0.24871436
807	1	True	0.35765567
808	0	True	0.23525193
809	0	False	0.16591367
810	0	False	0.05578121
811	0	False	0.053522535
812	0	False	0.054327395
813	0	False	0.046602774
814	0	False	0.02407324
815	0	False	0.027990052
816	0	False	0.023661217
817	0	False	0.024173707
818	0	False	0.028746167
819	0	False	0.029236184
820	0	False	0.03061425
821	0	False	0.030698441
822	0	False	0.023384303
823	0	False	0.042361185
824	0	False	0.026899837
825	0	False	0.035491865
826	0	False	0.022570927
827	0	False	0.024601769
828	0	False	0.026537243
829	0	False	0.024378592
830	0	False	0.037732705
831	0	False	0.02913856
832	0	False	0.02931879
833	0	False	0.023772104
834	0	False	0.029574241
835	0	False	0.021902071
836	0	False	0.024030276
837	0	False	0.022761792
838	0	False	0.022761792
839	0	False	0.022761792
840	0	False	0.020144146
841	0	False	0.021652242
842	0	False	0.018659132
843	0	False	0.020550441
844	0	False	0.02221947
845	0	False	0.022233583
846	0	False	0.025402682
847	0	False	0.018945359
848	0	False	0.02182294
849	0	False	0.02250103
850	0	False	0.020306557
851	0	False	0.019746799
852	0	False	0.024519764
853	0	False	0.037118364
854	0	False	0.027553573
855	0	False	0.030412866
856	0	False	0.02989479
857	0	False	0.05394574
858	0	False	0.030774165
859	0	False	0.03997482
860	0	False	0.041304518
861	0	False	0.039144285
862	0	False	0.05016739
863	0	False	0.06861932
864	0	False	0.079734206
865	0	False	0.07982284
866	0	False	0.15125859
867	0	False	0.21628141
868	1	True	0.26004
869	1	True	0.7592956
870	1	True	0.5087195
871	0	True	0.26554728
872	0	False	0.048193675
873	0	False	0.041196372
874	0	False	0.08672786
875	0	False	0.07049541
876	0	False	0.065685295
877	0	False	0.0762761
878	0	False	0.04512322
879	0	False	0.052882608
880	0	False	0.041942883
881	0	False	0.04442239
882	0	False	0.0499713
883	0	False	0.038060196
884	0	False	0.03760013
885	0	False	0.050432596
886	0	False	0.03021236
887	0	False	0.03588835
888	0	False	0.02866038
889	0	False	0.03322917
890	0	False	0.033792425
891	0	False	0.033156082
892	0	False	0.036574624
893	0	False	0.036493015
894	0	False	0.027213858
895	0	False	0.043953802
896	0	False	0.032401204
897	0	False	0.04187919
898	0	False	0.028771346
899	0	False	0.032350264
900	0	False	0.04127629
901	0	False	0.036575694
902	0	False	0.047632966
903	0	False	0.037766613
904	0	False	0.036059618
905	0	False	0.03534397
906	0	False	0.03615315
907	0	False	0.031603914
908	0	False	0.03253566
909	0	False	0.028103687
910	0	False	0.029619593
911	0	False	0.030208847
912	0	False	0.030652627
913	0	False	0.026421126
914	0	False	0.025793673
915	0	False	0.026606398
916	0	False	0.027610486
917	0	False	0.03307229
918	0	False	0.023288453
919	0	False	0.028461488
920	0	False	0.026577916
921	0	False	0.027574712
922	0	False	0.05772844
923	0	False	0.066772275
924	0	False	0.06336555
925	0	False	0.06511897
926	0	False	0.07264114
927	0	False	0.06904147
928	0	False	0.07732454
929	0	False	0.10089869
930	0	False	0.06495587
931	0	False	0.07417061
932	0	False	0.07396199
933	0	False	0.060194436
934	0	False	0.063547
935	0	False	0.05868154
936	0	False	0.06296764
937	0	False	0.06571336
938	0	False	0.07422328
939	0	False	0.07115775
940	0	False	0.07642078
941	0	False	0.10482542
942	0	False	0.07639163
943	0	False	0.07480409
944	0	False	0.06679336
945	0	False	0.11425675
946	0	False	0.07795913
947	0	False	0.088748865
948	0	False	0.08813235
949	0	False	0.13068566
950	0	False	0.13381396
951	0	False	0.0909191
952	0	False	0.099577114
953	1	False	0.12074443
954	1	False	0.17460127
955	0	False	0.18974479
956	0	False	0.20029937
957	1	True	0.47347572
958	0	False	0.21688904
959	0	False	0.118920766
960	0	False	0.12058383
961	0	False	0.12389937
962	0	False	0.06878773
963	0	False	0.07432657
964	0	False	0.06625713
965	0	False	0.08090759
966	0	False	0.06577637
967	0	False	0.07289995
968	0	False	0.0755664
969	0	False	0.07517579
970	0	False	0.06260555
971	0	False	0.089877136
972	0	False	0.06747355
973	0	False	0.0819982
974	0	False	0.061518446
975	0	False	0.06521319
976	0	False	0.0753055
977	0	False	0.06793817
978	0	False	0.09808698
979	0	False	0.074328944
980	0	False	0.07236059
981	0	False	0.067282625
982	0	False	0.07745642
983	0	False	0.068642944
984	0	False	0.07257949
985	0	False	0.065059684
986	0	False	0.065059684
987	0	False	0.06550483
988	0	False	0.05923429
989	0	False	0.06704812
990	0	False	0.06454672
991	0	False	0.060861714
992	0	False	0.065358765
993	0	False	0.06691525
994	0	False	0.069510646
995	0	False	0.07344185
996	0	False	0.067413494
997	0	False	0.06686322
998	0	False	0.070432805
999	0	False	0.07101342
1000	0	False	0.033249356
1001	0	False	0.04010473
1002	0	False	0.030643752
1003	0	False	0.03353389
1004	0	False	0.034825012
1005	0	False	0.033526007
1006	0	False	0.04605957
1007	0	False	0.06516039
1008	0	False	0.034928046
1009	0	False	0.043670774
1010	0	False	0.039772853
1011	0	False	0.034163777
1012	0	False	0.034854226
1013	0	False	0.03593131
1014	0	False	0.033999674
1015	0	False	0.03689307
1016	0	False	0.039213624
1017	0	False	0.038055085
1018	0	False	0.037236307
1019	0	False	0.049811915
1020	0	False	0.049826782
1021	0	False	0.04728377
1022	0	False	0.038191617
1023	0	False	0.0407378
1024	0	False	0.03751764
1025	0	False	0.034887236
1026	0	False	0.032576006
1027	0	False	0.037793983
1028	0	False	0.036716178
1029	0	False	0.034249827
1030	0	False	0.04006279
1031	0	False	0.036783528
1032	0	False	0.046258345
1033	0	False	0.034188308
1034	0	False	0.035433017
1035	0	False	0.038517706
1036	0	False	0.037707835
1037	0	False	0.04903481
1038	0	False	0.03560799
1039	0	False	0.034737095
1040	0	False	0.037013393
1041	0	False	0.034904853
1042	0	False	0.08133456
1043	0	False	0.08841455
1044	0	False	0.10913169
1045	0	False	0.05224274
1046	0	False	0.061522864
1047	0	False	0.049097117
1048	0	False	0.044855952
1049	0	False	0.064770386
1050	0	False	0.049422625
1051	0	False	0.037873004
1052	0	False	0.06656413
1053	0	False	0.056937646
1054	0	False	0.08965765
1055	0	False	0.06012306
1056	0	False	0.15209398
1057	1	True	0.464431
1058	0	False	0.1450144
1059	0	False	0.10699731
1060	0	False	0.09563
1061	0	False	0.0892848
1062	0	False	0.12642387
1063	0	False	0.060511928
1064	0	False	0.07519689
1065	0	False	0.06910597
1066	0	False	0.06910597
1067	0	False	0.06044509
1068	0	False	0.0396047
1069	0	False	0.039392944
1070	0	False	0.0893574
1071	0	False	0.07355582
1072	0	False	0.056650765
1073	0	False	0.06027221
1074	0	False	0.043941002
1075	0	False	0.04449675
1076	0	False	0.052706055
1077	0	False	0.059399854
1078	0	False	0.041110773
1079	0	False	0.03856333
1080	0	False	0.044535995
1081	0	False	0.05531094
1082	0	False	0.048260037
1083	0	False	0.05052692
1084	0	False	0.06184982
1085	0	False	0.053365726
1086	0	False	0.060494214
1087	0	False	0.07216113
1088	0	False	0.055879563
1089	0	False	0.068050474
1090	0	False	0.07054635
1091	0	False	0.06615563
1092	0	False	0.06779893
1093	0	False	0.09788681
1094	0	False	0.10365544
1095	0	False	0.112565376
1096	0	False	0.11031725
1097	1	False	0.13845299
1098	1	False	0.14430879
1099	1	False	0.18965611
1100	1	True	0.28913105
1101	0	True	0.24681436
1102	0	True	0.23585284
1103	0	False	0.15150437
1104	1	False	0.14482553
1105	0	False	0.11221152
1106	0	False	0.123383224
1107	0	False	0.11020536
1108	0	False	0.11181033
1109	0	False	0.12162753
1110	0	False	0.115104675
1111	0	False	0.094729476
1112	0	False	0.086999424
1113	0	False	0.08316464
1114	0	False	0.07918245
1115	0	False	0.07266992
1116	1	False	0.10255582
1117	0	False	0.08417476
1118	0	False	0.07513935
1119	0	False	0.06729904
1120	0	False	0.06729904
1121	0	False	0.070066184
1122	0	False	0.05385018
1123	0	False	0.06000877
1124	0	False	0.049936246
1125	0	False	0.059534706
1126	0	False	0.060388207
1127	0	False	0.05476203
1128	0	False	0.060494922
1129	0	False	0.060363274
1130	0	False	0.049909618
1131	0	False	0.067570105
1132	0	False	0.057376873
1133	0	False	0.06090886
1134	0	False	0.05352199
1135	0	False	0.05351671
1136	0	False	0.05867638
1137	0	False	0.057185028
1138	0	False	0.07579695
1139	0	False	0.051433027
1140	0	False	0.055280466
1141	0	False	0.057405412
1142	0	False	0.061061293
1143	0	False	0.054254577
1144	0	False	0.055672597
1145	0	False	0.05413476
1146	0	False	0.05413476
1147	0	False	0.052917942
1148	0	False	0.049591336
1149	0	False	0.05203633
1150	0	False	0.053142082
1151	0	False	0.0519139
1152	0	False	0.046999216
1153	0	False	0.049705453
1154	0	False	0.04558243
1155	0	False	0.048372746
1156	0	False	0.049206786
1157	0	False	0.04618711
1158	0	False	0.052399922
1159	0	False	0.04636982
1160	0	False	0.023252936
1161	0	False	0.033082552
1162	0	False	0.022099514
1163	0	False	0.025846096
1164	0	False	0.027284766
1165	0	False	0.026715582
1166	0	False	0.034066264
1167	0	False	0.049480274
1168	0	False	0.02417207
1169	0	False	0.0315021
1170	0	False	0.031414237
1171	0	False	0.026345426
1172	0	False	0.029740853
1173	0	False	0.02679915
1174	0	False	0.026981484
1175	0	False	0.028912963
1176	0	False	0.030081863
1177	0	False	0.0276472
1178	0	False	0.027475512
1179	0	False	0.035718374
1180	0	False	0.03896666
1181	0	False	0.03485762
1182	0	False	0.031546038
1183	0	False	0.036652137
1184	0	False	0.031842057
1185	0	False	0.029233033
1186	0	False	0.028407175
1187	0	False	0.03441575
1188	0	False	0.033088937
1189	0	False	0.027564587
1190	0	False	0.03188125
1191	0	False	0.030865338
1192	0	False	0.06909393
1193	0	False	0.038346082
1194	0	False	0.03764569
1195	0	False	0.048095897
1196	0	False	0.05426722
1197	1	False	0.085473776
1198	0	False	0.05803232
1199	0	False	0.04390944
1200	0	False	0.10338051
1201	0	False	0.10142523
1202	0	False	0.17991497
1203	0	False	0.042337243
1204	0	False	0.048102602
1205	0	False	0.039652392
1206	0	False	0.035933264
1207	0	False	0.03021345
1208	0	False	0.033585675
1209	0	False	0.03104247
1210	0	False	0.030790301
1211	0	False	0.02904626
1212	0	False	0.047117297
1213	0	False	0.036645908
1214	0	False	0.04284147
1215	0	False	0.033778712
1216	0	False	0.02900801
1217	0	False	0.040813923
1218	0	False	0.032088447
1219	0	False	0.050021295
1220	0	False	0.03822458
1221	0	False	0.03658455
1222	0	False	0.03058282
1223	0	False	0.03749157
1224	0	False	0.02785175
1225	0	False	0.02870051
1226	0	False	0.028084217
1227	0	False	0.028084217
1228	0	False	0.028232051
1229	0	False	0.024110718
1230	0	False	0.024556886
1231	0	False	0.025065884
1232	0	False	0.024106322
1233	0	False	0.02721502
1234	0	False	0.028331181
1235	0	False	0.030868972
1236	0	False	0.024953198
1237	0	False	0.029486824
1238	0	False	0.026500363
1239	0	False	0.02801829
1240	0	False	0.0252548
1241	0	False	0.03142849
1242	0	False	0.03916212
1243	0	False	0.02878224
1244	0	False	0.031240886
1245	0	False	0.030876499
1246	0	False	0.034601968
1247	0	False	0.038560383
1248	0	False	0.05026953
1249	0	False	0.03264756
1250	0	False	0.041108552
1251	0	False	0.04271821
1252	0	False	0.039874412
1253	0	False	0.04062922
1254	0	False	0.046208262
1255	0	False	0.05254712
1256	0	False	0.059715074
1257	0	False	0.060780093
1258	0	False	0.06299277
1259	0	False	0.06443685
1260	0	False	0.08500602
1261	0	False	0.14378214
1262	0	False	0.08220353
1263	0	False	0.08172052
1264	0	False	0.1759244
1265	0	False	0.14908305
1266	0	False	0.122540146
1267	0	False	0.109981865
1268	0	False	0.06903017
1269	0	False	0.06784117
1270	0	False	0.07350729
1271	0	False	0.06587147
1272	0	False	0.062280666
1273	0	False	0.04668053
1274	0	False	0.047713727
1275	0	False	0.05123679
1276	0	False	0.052753255
1277	0	False	0.05172986
1278	0	False	0.042801756
1279	0	False	0.040814027
1280	0	False	0.04033883
1281	0	False	0.04033883
1282	0	False	0.052635346
1283	0	False	0.030938732
1284	0	False	0.036068745
1285	0	False	0.03055898
1286	0	False	0.03658417
1287	0	False	0.03728808
1288	0	False	0.03249085
1289	0	False	0.03689932
1290	0	False	0.037313532
1291	0	False	0.031828064
1292	0	False	0.04323944
1293	0	False	0.036168814
1294	0	False	0.03848354
1295	0	False	0.030626738
1296	0	False	0.03355932
1297	0	False	0.042174682
1298	0	False	0.033314437
1299	0	False	0.044826265
1300	0	False	0.035464484
1301	0	False	0.035988756
1302	0	False	0.03380894
1303	0	False	0.03774832
1304	0	False	0.032405525
1305	0	False	0.033275798
1306	0	False	0.03481297
1307	0	False	0.03481297
1308	0	False	0.033113096
1309	0	False	0.029268373
1310	0	False	0.032924354
1311	0	False	0.030270176
1312	0	False	0.031108785
1313	0	False	0.031679686
1314	0	False	0.033252
1315	0	False	0.03839811
1316	0	False	0.030313438
1317	0	False	0.031251445
1318	0	False	0.034004632
1319	0	False	0.03436234
1320	0	False	0.03203769
1321	0	False	0.023158485
1322	0	False	0.022258155
1323	0	False	0.019525057
1324	0	False	0.02193294
1325	0	False	0.024844553
1326	0	False	0.033572305
1327	0	False	0.032323543
1328	0	False	0.057651203
1329	0	False	0.030389624
1330	0	False	0.043372616
1331	0	False	0.04414615
1332	0	False	0.1533756
1333	0	False	0.09788258
1334	0	False	0.026555864
1335	0	False	0.024105666
1336	0	False	0.025861917
1337	0	False	0.027463354
1338	0	False	0.024179291
1339	0	False	0.023252556
1340	0	False	0.03180507
1341	0	False	0.030535009
1342	0	False	0.029309612
1343	0	False	0.027676204
1344	0	False	0.030399425
1345	0	False	0.02340023
1346	0	False	0.023945319
1347	0	False	0.026378036
1348	0	False	0.022570048
1349	0	False	0.024803627
1350	0	False	0.027201036
1351	0	False	0.022990668
1352	0	False	0.027767321
1353	0	False	0.025469763
1354	0	False	0.025469763
1355	0	False	0.024471924
1356	0	False	0.021327663
1357	0	False	0.027660599
1358	0	False	0.023047911
1359	0	False	0.021385232
1360	0	False	0.020727212
1361	0	False	0.030504309
1362	0	False	0.018102255
1363	0	False	0.021461353
1364	0	False	0.01864791
1365	0	False	0.021511964
1366	0	False	0.021165282
1367	0	False	0.021446604
1368	0	False	0.022022363
1369	0	False	0.022197865
1370	0	False	0.019172903
1371	0	False	0.023658864
1372	0	False	0.022690792
1373	0	False	0.029131992
1374	0	False	0.020114418
1375	0	False	0.022203082
1376	0	False	0.026563574
1377	0	False	0.021667995
1378	0	False	0.02727938
1379	0	False	0.023307268
1380	0	False	0.024506388
1381	0	False	0.019461975
1382	0	False	0.024957683
1383	0	False	0.020380184
1384	0	False	0.022314703
1385	0	False	0.021191923
1386	0	False	0.021191923
1387	0	False	0.020587478
1388	0	False	0.019304167
1389	0	False	0.019306911
1390	0	False	0.018438889
1391	0	False	0.018219717
1392	0	False	0.019560013
1393	0	False	0.019501776
1394	0	False	0.02218742
1395	0	False	0.018811392
1396	0	False	0.020603444
1397	0	False	0.020367397
1398	0	False	0.021129511
1399	0	False	0.019902857
1400	1	True	0.8279725
1401	0	False	0.016891846
1402	0	False	0.019592714
1403	0	False	0.018716417
1404	0	False	0.035450254
1405	0	False	0.023916382
1406	0	False	0.026500823
1407	0	False	0.019475024
1408	0	False	0.018849421
1409	0	False	0.019260822
1410	0	False	0.020728057
1411	0	False	0.017584493
1412	0	False	0.019522369
1413	0	False	0.02094867
1414	0	False	0.019794056
1415	0	False	0.02371289
1416	0	False	0.01986902
1417	0	False	0.024610821
1418	0	False	0.019918403
1419	0	False	0.020816471
1420	0	False	0.018068084
1421	0	False	0.020026099
1422	0	False	0.022050258
1423	0	False	0.020782897
1424	0	False	0.022537934
1425	0	False	0.024233084
1426	0	False	0.023632813
1427	0	False	0.022174807
1428	0	False	0.021357533
1429	0	False	0.017737279
1430	0	False	0.022834033
1431	0	False	0.018819196
1432	0	False	0.022558726
1433	0	False	0.017137542
1434	0	False	0.018078031
1435	0	False	0.018615402
1436	0	False	0.016659109
1437	0	False	0.021986103
1438	0	False	0.02090637
1439	0	False	0.020582171
1440	0	False	0.027064111
1441	0	False	0.02126059
1442	0	False	0.02225087
1443	0	False	0.019150218
1444	0	False	0.01873724
1445	0	False	0.01834744
1446	0	False	0.025972407
1447	0	False	0.022252837
1448	0	False	0.02026966
1449	0	False	0.020704009
1450	0	False	0.018011527
1451	0	False	0.029324912
1452	0	False	0.021245478
1453	0	False	0.0288105
1454	0	False	0.020199466
1455	0	False	0.020934455
1456	0	False	0.023748009
1457	0	False	0.028712748
1458	0	False	0.02648603
1459	0	False	0.020615827
1460	0	False	0.02406195
1461	0	False	0.022545693
1462	0	False	0.022842148
1463	0	False	0.020682735
1464	0	False	0.023329683
1465	0	False	0.024360437
1466	0	False	0.024008114
1467	0	False	0.022842968
1468	0	False	0.028271737
1469	0	False	0.02298433
1470	0	False	0.02468946
1471	0	False	0.025260318
1472	0	False	0.041232478
1473	0	False	0.035155464
1474	0	False	0.039775494
1475	0	False	0.034846842
1476	0	False	0.060512908
1477	0	True	0.22456992
1478	0	False	0.06730341
1479	0	False	0.15583701
1480	0	False	0.16280453
1481	0	False	0.04821924
1482	0	False	0.06404995
1483	0	False	0.07013961
1484	0	False	0.04685901
1485	0	False	0.060312208
1486	0	False	0.10847112
1487	0	True	0.25156233
1488	0	False	0.10906683
1489	0	False	0.0762889
1490	0	False	0.07198085
1491	0	False	0.06516035
1492	0	False	0.05364678
1493	0	False	0.046033338
1494	0	False	0.030618947
1495	0	False	0.02314327
1496	0	False	0.022195023
1497	0	False	0.023875548
1498	0	False	0.021640284
1499	0	False	0.021794057
1500	0	False	0.021876093
1501	0	False	0.024452545
1502	0	False	0.021488838
1503	0	False	0.020401377
1504	0	False	0.019780073
1505	0	False	0.023285205
1506	0	False	0.02433194
1507	0	False	0.022641838
1508	0	False	0.023959767
1509	0	False	0.019449728
1510	0	False	0.024585811
1511	0	False	0.038576305
1512	0	False	0.02972938
1513	0	False	0.022866687
1514	0	False	0.017025698
1515	0	False	0.024421182
1516	0	False	0.020818384
1517	0	False	0.01862421
1518	0	False	0.01780674
1519	0	False	0.019831542
1520	0	False	0.021287521
1521	0	False	0.02080312
1522	0	False	0.021196444
1523	0	False	0.020568104
1524	0	False	0.020588113
1525	0	False	0.018709844
1526	0	False	0.020458108
1527	0	False	0.01918736
1528	0	False	0.020694532
1529	0	False	0.019968012
1530	0	False	0.020901423
1531	0	False	0.021088194
1532	0	False	0.020197596
1533	0	False	0.02810006
1534	0	False	0.026464289
1535	0	False	0.050288897
1536	0	False	0.03032249
1537	0	False	0.030364955
1538	0	False	0.023920078
1539	0	False	0.023669412
1540	0	False	0.02950536
1541	0	False	0.029037382
1542	0	False	0.026927138
1543	0	False	0.02928361
1544	0	False	0.029106485
1545	0	False	0.024640022
1546	0	False	0.02852801
1547	0	False	0.03000643
1548	0	False	0.035568416
1549	0	False	0.028853439
1550	0	False	0.023304604
1551	0	False	0.023618909
1552	0	False	0.023072636
1553	0	False	0.023737548
1554	0	False	0.025211826
1555	0	False	0.029055834
1556	0	False	0.033740796
1557	0	False	0.02925703
1558	0	False	0.023891553
1559	0	False	0.028969944
1560	0	False	0.025132904
1561	0	False	0.027172666
1562	0	False	0.025501793
1563	0	False	0.025338976
1564	0	False	0.022629252
1565	0	False	0.023026107
1566	0	False	0.023129368
1567	0	False	0.02290319
1568	0	False	0.028374622
1569	0	False	0.029580873
1570	0	False	0.05339416
1571	0	False	0.034041695
1572	0	False	0.038555667
1573	0	False	0.03616429
1574	0	False	0.027310643
1575	0	False	0.05264053
1576	0	False	0.034255043
1577	0	False	0.037470035
1578	0	False	0.03718057
1579	0	False	0.029944709
1580	0	False	0.055278845
1581	0	False	0.040842317
1582	0	False	0.055071767
1583	0	False	0.03970663
1584	0	False	0.03925975
1585	0	False	0.048811078
1586	0	False	0.05234785
1587	0	False	0.068179004
1588	0	False	0.054651726
1589	0	False	0.08299642
1590	0	False	0.074860275
1591	0	False	0.11916295
1592	1	True	0.33230478
1593	0	True	0.2512101
1594	0	False	0.18578626
1595	0	True	0.22839
1596	0	False	0.15712488
1597	0	False	0.07321735
1598	0	False	0.07888305
1599	0	False	0.050159447
1600	0	False	0.060153335
1601	0	False	0.07038819
1602	0	False	0.05548163
1603	0	False	0.0801467
1604	0	False	0.15557893
1605	0	False	0.059424933
1606	0	False	0.10011864
1607	0	False	0.14374338
1608	0	False	0.037910614
1609	0	False	0.046324413
1610	0	False	0.06669012
1611	0	False	0.049886964
1612	0	False	0.03440813
1613	0	False	0.038374633
1614	0	False	0.03866713
1615	0	False	0.03407288
1616	0	False	0.05596623
1617	0	False	0.055936128
1618	0	False	0.04888412
1619	0	False	0.045638863
1620	0	False	0.040404975
1621	0	False	0.033786036
1622	0	False	0.050216388
1623	0	False	0.03842801
1624	0	False	0.027775465
1625	0	False	0.027357768
1626	0	False	0.027397333
1627	0	False	0.027753742
1628	0	False	0.0264856
1629	0	False	0.027513003
1630	0	False	0.02856322
1631	0	False	0.02814291
1632	0	False	0.026537575
1633	0	False	0.030701235
1634	0	False	0.031518195
1635	0	False	0.026410237
1636	0	False	0.026933959
1637	0	False	0.027023213
1638	0	False	0.033014555
1639	0	False	0.044289473
1640	0	False	0.038057465
1641	0	False	0.02901332
1642	0	False	0.025804292
1643	0	False	0.028425463
1644	0	False	0.029493552
1645	0	False	0.025652768
1646	0	False	0.023764238
1647	0	False	0.026087614
1648	0	False	0.023484087
1649	0	False	0.026792172
1650	0	False	0.027138332
1651	0	False	0.027857766
1652	0	False	0.020953512
1653	0	False	0.024808085
1654	0	False	0.027058925
1655	0	False	0.026615044
1656	0	False	0.02372125
1657	0	False	0.020920124
1658	0	False	0.025024932
1659	0	False	0.02777469
1660	0	False	0.076640755
1661	0	False	0.084513575
1662	0	False	0.075092986
1663	0	False	0.13568293
1664	0	False	0.1129407
1665	0	False	0.12755641
1666	0	False	0.09266584
1667	0	False	0.08539317
1668	0	False	0.08600008
1669	0	False	0.09750114
1670	0	False	0.084341206
1671	0	False	0.089759536
1672	0	False	0.0906509
1673	0	False	0.08612381
1674	0	False	0.10813785
1675	0	False	0.08832223
1676	0	False	0.09993845
1677	0	False	0.09035102
1678	0	False	0.09618034
1679	0	False	0.08495155
1680	0	False	0.08908244
1681	0	False	0.09686553
1682	0	False	0.09486451
1683	0	False	0.105815835
1684	0	False	0.097323015
1685	0	False	0.10551479
1686	0	False	0.09247529
1687	0	False	0.10011429
1688	0	False	0.09031229
1689	0	False	0.08908415
1690	0	False	0.087807894
1691	0	False	0.08476002
1692	0	False	0.07547367
1693	0	False	0.08863862
1694	0	False	0.08823766
1695	0	False	0.071779974
1696	0	False	0.09465188
1697	0	False	0.10076705
1698	0	False	0.12577593
1699	0	False	0.11756544
1700	0	False	0.11561561
1701	0	False	0.099542506
1702	0	False	0.08934349
1703	0	False	0.08870048
1704	0	False	0.07907339
1705	0	False	0.11374749
1706	0	False	0.096325025
1707	0	False	0.09383158
1708	0	False	0.093436554
1709	0	False	0.07994883
1710	0	False	0.12272572
1711	0	False	0.0905612
1712	0	False	0.11837067
1713	0	False	0.089094825
1714	0	False	0.090518035
1715	0	False	0.10197959
1716	0	False	0.11977766
1717	0	False	0.11058739
1718	0	False	0.082190745
1719	0	False	0.0908369
1720	0	False	0.08540492
1721	0	False	0.10216324
1722	0	False	0.07870106
1723	0	False	0.10228329
1724	0	False	0.09865883
1725	0	False	0.096207164
1726	0	False	0.09340087
1727	0	False	0.10882729
1728	0	False	0.08919165
1729	0	False	0.099566825
1730	0	False	0.10054108
1731	0	False	0.10657856
1732	0	False	0.10004459
1733	0	False	0.10758867
1734	0	False	0.08957648
1735	0	False	0.116104014
1736	0	True	0.3872622
1737	0	False	0.17543252
1738	0	True	0.3406621
1739	1	True	0.3533782
1740	0	False	0.12831312
1741	0	False	0.15310262
1742	0	False	0.1670687
1743	0	False	0.10745589
1744	0	False	0.12248419
1745	0	False	0.15903637
1746	0	False	0.20302473
1747	1	True	0.6548794
1748	1	True	0.7827288
1749	0	True	0.49421117
1750	1	True	0.49230307
1751	0	True	0.3045478
1752	0	False	0.14401096
1753	0	False	0.14246865
1754	0	False	0.12005989
1755	0	False	0.100864716
1756	0	False	0.095365256
1757	0	False	0.09894442
1758	0	False	0.09589388
1759	0	False	0.10359587
1760	0	False	0.09654948
1761	0	False	0.09447964
1762	0	False	0.09493307
1763	0	False	0.08551883
1764	0	False	0.10400416
1765	0	False	0.10716785
1766	0	False	0.092505
1767	0	False	0.09508653
1768	0	False	0.08567631
1769	0	False	0.110601306
1770	0	False	0.15526085
1771	0	False	0.14087214
1772	0	False	0.08825544
1773	0	False	0.09204102
1774	0	False	0.11463067
1775	0	False	0.08830007
1776	0	False	0.086292475
1777	0	False	0.082387894
1778	0	False	0.09584315
1779	0	False	0.10170884
1780	0	False	0.094842054
1781	0	False	0.094048224
1782	0	False	0.09651575
1783	0	False	0.096583754
1784	0	False	0.08348553
1785	0	False	0.09148823
1786	0	False	0.09084527
1787	0	False	0.09445301
1788	0	False	0.08809142
1789	0	False	0.10156586
1790	0	False	0.08240952
1791	0	False	0.03617347
1792	0	False	0.04756644
1793	0	False	0.03974411
1794	0	False	0.067572705
1795	0	False	0.04618285
1796	0	False	0.057047192
1797	0	False	0.04605089
1798	0	False	0.04813581
1799	0	False	0.051890608
1800	0	False	0.044483703
1801	0	False	0.03725493
1802	0	False	0.039497215
1803	0	False	0.043785144
1804	0	False	0.045127004
1805	0	False	0.03566219
1806	0	False	0.043332368
1807	0	False	0.045284625
1808	0	False	0.045532584
1809	0	False	0.03711989
1810	0	False	0.046829183
1811	0	False	0.045469634
1812	0	False	0.044461455
1813	0	False	0.04722398
1814	0	False	0.04391913
1815	0	False	0.041831676
1816	0	False	0.04273393
1817	0	False	0.0385798
1818	0	False	0.03440874
1819	0	False	0.040145595
1820	0	False	0.040057167
1821	0	False	0.044720232
1822	0	False	0.036187842
1823	0	False	0.03950741
1824	0	False	0.0361058
1825	0	False	0.048210796
1826	0	False	0.048395537
1827	0	False	0.11214084
1828	0	False	0.07475205
1829	0	False	0.07007644
1830	0	False	0.05169104
1831	0	False	0.0739341
1832	0	False	0.08984844
1833	0	False	0.08145577
1834	0	False	0.103866674
1835	0	False	0.10636647
1836	0	False	0.09847394
1837	0	False	0.09340658
1838	0	False	0.1346853
1839	1	False	0.13458885
1840	0	False	0.14050528
1841	0	False	0.15760693
1842	0	False	0.20557748
1843	0	True	0.22807916
1844	1	True	0.30505106
1845	0	True	0.22516944
1846	0	False	0.101846986
1847	0	False	0.08572709
1848	0	False	0.051303312
1849	0	False	0.048199505
1850	0	False	0.05112779
1851	0	False	0.05721504
1852	0	False	0.062020462
1853	0	False	0.07647939
1854	0	False	0.0565047
1855	0	False	0.056213703
1856	0	False	0.04555494
1857	0	False	0.05098158
1858	0	False	0.055712674
1859	0	False	0.044159476
1860	0	False	0.06151405
1861	0	False	0.10723227
1862	0	False	0.04842064
1863	0	False	0.07004952
1864	0	False	0.090020396
1865	0	False	0.05038266
1866	0	False	0.055306256
1867	0	False	0.060142364
1868	0	False	0.050980546
1869	0	False	0.0404142
1870	0	False	0.03911016
1871	0	False	0.03516208
1872	0	False	0.035420716
1873	0	False	0.062297057
1874	0	False	0.044868916
1875	0	False	0.039996292
1876	0	False	0.036924817
1877	0	False	0.040458877
1878	0	False	0.03487811
1879	0	False	0.04368198
1880	0	False	0.041266527
1881	0	False	0.040773954
1882	0	False	0.03511724
1883	0	False	0.04496597
1884	0	False	0.044835478
1885	0	False	0.036601268
1886	0	False	0.042041652
1887	0	False	0.041192334
1888	0	False	0.042019986
1889	0	False	0.036881372
1890	0	False	0.05143431
1891	0	False	0.05365443
1892	0	False	0.03814654
1893	0	False	0.041193344
1894	0	False	0.04326305
1895	0	False	0.047444757
1896	0	False	0.062666446
1897	0	False	0.054329686
1898	0	False	0.042658746
1899	0	False	0.032563154
1900	0	False	0.048419952
1901	0	False	0.048095167
1902	0	False	0.039647244
1903	0	False	0.03368049
1904	0	False	0.037838817
1905	0	False	0.045422405
1906	0	False	0.046041925
1907	0	False	0.049734674
1908	0	False	0.036736086
1909	0	False	0.03745046
1910	0	False	0.044566855
1911	0	False	0.038387556
1912	0	False	0.037459057
1913	0	False	0.03376037
1914	0	False	0.042005505
1915	0	False	0.038461253
1916	0	False	0.030838381
1917	0	False	0.03362442
1918	0	False	0.03254685
1919	0	False	0.047712058
1920	0	False	0.04235035
1921	0	False	0.04605619
1922	0	False	0.036219448
1923	0	False	0.03311613
1924	0	False	0.034343205
1925	0	False	0.03915465
1926	0	False	0.03068088
1927	0	False	0.032712165
1928	0	False	0.03565851
1929	0	False	0.03332866
1930	0	False	0.03896684
1931	0	False	0.033163115
1932	0	False	0.035366878
1933	0	False	0.032759063
1934	0	False	0.03464012
1935	0	False	0.028668776
1936	0	False	0.03334275
1937	0	False	0.03722138
1938	0	False	0.02985288
1939	0	False	0.032893155
1940	0	False	0.035908367
1941	0	False	0.035403956
1942	0	False	0.032545757
1943	0	False	0.031619612
1944	0	False	0.027879445
1945	0	False	0.0352837
1946	0	False	0.03218677
1947	0	False	0.03345471
1948	0	False	0.029195296
1949	0	False	0.026405795
1950	0	False	0.029131768
1951	0	False	0.025603684
1952	0	False	0.035761774
1953	0	False	0.035681285
1954	0	False	0.044953708
1955	0	False	0.033950727
1956	0	False	0.03536892
1957	0	False	0.028433545
1958	0	False	0.026974557
1959	0	False	0.032273512
1960	0	False	0.028736575
1961	0	False	0.038157314
1962	0	False	0.034039557
1963	0	False	0.032380115
1964	0	False	0.029785026
1965	0	False	0.029748326
1966	0	False	0.0443695
1967	0	False	0.034163706
1968	0	False	0.048167944
1969	0	False	0.036269628
1970	0	False	0.031759452
1971	0	False	0.035285898
1972	0	False	0.04861806
1973	0	False	0.046629213
1974	0	False	0.034202494
1975	0	False	0.03363337
1976	0	False	0.036123462
1977	0	False	0.035252493
1978	0	False	0.03328537
1979	0	False	0.038170684
1980	0	False	0.044697493
1981	0	False	0.0459734
1982	0	False	0.03692927
1983	0	False	0.056628108
1984	0	False	0.04201053
1985	0	False	0.058264457
1986	0	False	0.06079491
1987	0	False	0.05380611
1988	0	False	0.05839232
1989	0	False	0.06977925
1990	0	False	0.06130937
1991	0	False	0.07412959
1992	0	False	0.21084313
1993	0	False	0.091051295
1994	0	False	0.1667907
1995	1	True	0.28892505
1996	0	True	0.23418343
1997	0	True	0.25505066
1998	0	True	0.6012265
1999	0	True	0.29928455
2000	0	False	0.054453637
2001	0	False	0.05114664
2002	0	False	0.047700815
2003	0	False	0.06576992
2004	0	False	0.087699905
2005	0	False	0.07283617
2006	0	False	0.062045306
2007	0	False	0.055811383
2008	0	False	0.057836834
2009	0	False	0.048635554
2010	0	False	0.04894507
2011	0	False	0.039706063
2012	0	False	0.033260614
2013	0	False	0.036900837
2014	0	False	0.03420756
2015	0	False	0.033814188
2016	0	False	0.03315405
2017	0	False	0.03348241
2018	0	False	0.029692085
2019	0	False	0.029361043
2020	0	False	0.030450935
2021	0	False	0.032138262
2022	0	False	0.034807626
2023	0	False	0.034135103
2024	0	False	0.034783084
2025	0	False	0.02843695
2026	0	False	0.03820102
2027	0	False	0.053076368
2028	0	False	0.04536054
2029	0	False	0.0321202
2030	0	False	0.02861782
2031	0	False	0.036482885
2032	0	False	0.03400526
2033	0	False	0.03081929
2034	0	False	0.0271084
2035	0	False	0.029794285
2036	0	False	0.033767685
2037	0	False	0.032250725
2038	0	False	0.03383408
2039	0	False	0.031491205
2040	0	False	0.032904968
2041	0	False	0.029272586
2042	0	False	0.03090528
2043	0	False	0.029272586
2044	0	False	0.031199187
2045	0	False	0.031005742
2046	0	False	0.033253808
2047	0	False	0.032671068
2048	0	False	0.0470112
2049	0	False	0.05127613
2050	0	False	0.07912028
2051	0	False	0.05714731
2052	0	False	0.073533796
2053	0	False	0.055933893
2054	0	False	0.056781456
2055	0	False	0.054601576
2056	0	False	0.058566924
2057	0	False	0.05394046
2058	0	False	0.0474306
2059	0	False	0.049380697
2060	0	False	0.055813164
2061	0	False	0.048443243
2062	0	False	0.05939848
2063	0	False	0.053794824
2064	0	False	0.05832597
2065	0	False	0.045159724
2066	0	False	0.056636218
2067	0	False	0.05877216
2068	0	False	0.054850843
2069	0	False	0.05982918
2070	0	False	0.059980556
2071	0	False	0.05992299
2072	0	False	0.051161624
2073	0	False	0.053703398
2074	0	False	0.0391592
2075	0	False	0.04258514
2076	0	False	0.04856686
2077	0	False	0.050803863
2078	0	False	0.04293519
2079	0	False	0.04800328
2080	0	False	0.040628735
2081	0	False	0.04917387
2082	0	False	0.04411627
2083	0	False	0.06658516
2084	0	False	0.047031693
2085	0	False	0.054420758
2086	0	False	0.049300168
2087	0	False	0.041752663
2088	0	False	0.064405896
2089	0	False	0.053389963
2090	0	False	0.04933003
2091	0	False	0.05293051
2092	0	False	0.043315582
2093	0	False	0.07103255
2094	0	False	0.05590869
2095	0	False	0.0803041
2096	0	False	0.058505002
2097	0	False	0.055593185
2098	0	False	0.07053351
2099	0	False	0.07193773
2100	0	False	0.061087187
2101	0	False	0.057249926
2102	0	False	0.06452982
2103	0	False	0.06783763
2104	0	False	0.09125481
2105	0	False	0.08419908
2106	0	False	0.082323395
2107	0	False	0.07251258
2108	0	False	0.12287383
2109	0	False	0.108552255
2110	0	False	0.13521528
2111	0	False	0.123289414
2112	0	False	0.13326845
2113	0	False	0.2045697
2114	0	True	0.26420176
2115	0	True	0.23775382
2116	0	True	0.43041864
2117	0	False	0.13381238
2118	0	False	0.20697273
2119	0	False	0.122917704
2120	0	False	0.08197589
2121	0	False	0.07142726
2122	0	False	0.11357744
2123	0	False	0.17898104
2124	0	False	0.14950624
2125	0	False	0.10951334
2126	0	False	0.09681735
2127	0	False	0.09302232
2128	0	False	0.07857243
2129	0	False	0.08600173
2130	0	False	0.063971974
2131	0	False	0.056379933
2132	0	False	0.04924746
2133	0	False	0.055345193
2134	0	False	0.05901434
2135	0	False	0.050545737
2136	0	False	0.055322137
2137	0	False	0.05410796
2138	0	False	0.0394023
2139	0	False	0.050635096
2140	0	False	0.058441903
2141	0	False	0.04867899
2142	0	False	0.05487452
2143	0	False	0.046468817
2144	0	False	0.05518483
2145	0	False	0.074396975
2146	0	False	0.06235373
2147	0	False	0.051527906
2148	0	False	0.039957386
2149	0	False	0.058631543
2150	0	False	0.047194984
2151	0	False	0.044631287
2152	0	False	0.04873516
2153	0	False	0.05343842
2154	0	False	0.05106463
2155	0	False	0.048175193
2156	0	False	0.049040068
2157	0	False	0.04501092
2158	0	False	0.051988885
2159	0	False	0.047609307
2160	0	False	0.055181332
2161	0	False	0.04731309
2162	0	False	0.054431878
2163	0	False	0.04890559
2164	1	False	0.053178348
2165	1	True	0.44938815
2166	0	False	0.032176588
2167	0	False	0.03598529
2168	0	False	0.03261583
2169	0	False	0.036861304
2170	0	False	0.030979367
2171	0	False	0.034724202
2172	0	False	0.037289552
2173	0	False	0.044748705
2174	0	False	0.046751406
2175	0	False	0.049044542
2176	0	False	0.040365167
2177	0	False	0.041407153
2178	0	False	0.04341739
2179	0	False	0.04251888
2180	0	False	0.03510514
2181	0	False	0.04035127
2182	0	False	0.043145828
2183	0	False	0.03841839
2184	0	False	0.03642403
2185	0	False	0.034724202
2186	0	False	0.043877482
2187	0	False	0.0328347
2188	0	False	0.03662303
2189	0	False	0.03767518
2190	0	False	0.03627747
2191	0	False	0.03808309
2192	0	False	0.038063254
2193	0	False	0.040545717
2194	0	False	0.03785348
2195	0	False	0.03767518
2196	0	False	0.03701511
2197	0	False	0.037827283
2198	0	False	0.033967733
2199	0	False	0.03777967
2200	0	False	0.048306953
2201	0	False	0.044664163
2202	0	False	0.0781264
2203	0	False	0.038472593
2204	0	False	0.048284575
2205	0	False	0.039047524
2206	0	False	0.043803982
2207	0	False	0.04352815
2208	0	False	0.046570253
2209	0	False	0.033721074
2210	0	False	0.039793156
2211	0	False	0.03966567
2212	0	False	0.05370101
2213	0	False	0.058224384
2214	0	False	0.041782834
2215	0	False	0.048779454
2216	0	False	0.04454191
2217	0	False	0.04094529
2218	0	False	0.036470532
2219	0	False	0.039207023
2220	0	False	0.07125294
2221	0	False	0.05351117
2222	0	False	0.056673277
2223	0	False	0.048817188
2224	0	False	0.04184391
2225	0	False	0.052891884
2226	0	False	0.050305076
2227	0	False	0.040993087
2228	0	False	0.040217984
2229	0	False	0.0509652
2230	0	False	0.058987077
2231	0	False	0.042901088
2232	0	False	0.057129882
2233	0	False	0.07335265
2234	0	False	0.07227994
2235	0	False	0.07061041
2236	0	False	0.08608014
2237	0	False	0.086232826
2238	0	False	0.062102273
2239	0	False	0.082959965
2240	0	False	0.119130574
2241	0	False	0.0665345
2242	0	False	0.065684594
2243	0	False	0.08407705
2244	0	False	0.08055903
2245	0	False	0.12455512
2246	0	False	0.14274004
2247	0	True	0.5651358
2248	0	False	0.20347254
2249	0	True	0.26861802
2250	0	True	0.45258212
2251	0	True	0.34289488
2252	0	False	0.19069499
2253	0	False	0.16384068
2254	0	False	0.078069255
2255	0	False	0.056347832
2256	0	False	0.076093495
2257	0	False	0.085750744
2258	0	False	0.0732685
2259	0	False	0.050345436
2260	0	False	0.05502264
2261	0	False	0.055520993
2262	0	False	0.064151004
2263	0	False	0.05846081
2264	0	False	0.044830278
2265	0	False	0.06429043
2266	0	False	0.055673063
2267	0	False	0.055903196
2268	0	False	0.09557331
2269	0	False	0.051908404
2270	0	False	0.04520353
2271	0	False	0.041097082
2272	0	False	0.054961134
2273	0	False	0.05252781
2274	0	False	0.05364592
2275	0	False	0.05144234
2276	0	False	0.04547124
2277	0	False	0.0396357
2278	0	False	0.05100574
2279	0	False	0.04568905
2280	0	False	0.061201748
2281	0	False	0.057829782
2282	0	False	0.05259597
2283	0	False	0.047326524
2284	0	False	0.064890176
2285	0	False	0.048857566
2286	0	False	0.04248758
2287	0	False	0.04602464
2288	0	False	0.03949691
2289	0	False	0.038319066
2290	0	False	0.04111204
2291	0	False	0.04603518
2292	0	False	0.038732123
2293	0	False	0.038732123
2294	0	False	0.03621041
2295	0	False	0.04597408
2296	0	False	0.035574995
2297	0	False	0.040158402
2298	0	False	0.047611304
2299	0	False	0.04116723
2300	0	False	0.036619667
2301	0	False	0.038534973
2302	0	False	0.041125212
2303	0	False	0.04630489
2304	0	False	0.029690532
2305	0	False	0.038817845
2306	0	False	0.03718817
2307	0	False	0.03843754
2308	0	False	0.032487836
2309	0	False	0.034000944
2310	0	False	0.034000944
2311	0	False	0.03700804
2312	0	False	0.039146435
2313	0	False	0.038758475
2314	0	False	0.03843399
2315	0	False	0.035570864
2316	0	False	0.038675297
2317	0	False	0.037625898
2318	0	False	0.031486552
2319	0	False	0.035913337
2320	0	False	0.037484113
2321	0	False	0.03168997
2322	0	False	0.0384818
2323	0	False	0.03755
2324	0	False	0.040551934
2325	0	False	0.02836594
2326	0	False	0.033391166
2327	0	False	0.033391166
2328	0	False	0.033258997
2329	0	False	0.032803588
2330	0	False	0.036813136
2331	0	False	0.030615028
2332	0	False	0.033236362
2333	0	False	0.03603527
2334	0	False	0.03540287
2335	0	False	0.03593904
2336	0	False	0.029753948
2337	0	False	0.02928264
2338	0	False	0.039317776
2339	0	False	0.038112037
2340	0	False	0.06902232
2341	0	False	0.03378985
2342	0	False	0.040510952
2343	0	False	0.036572803
2344	0	False	0.04416756
2345	0	False	0.04787783
2346	0	False	0.04918073
2347	0	False	0.033188045
2348	0	False	0.031754464
2349	0	False	0.041520063
2350	0	False	0.038175333
2351	0	False	0.04363732
2352	0	False	0.030701052
2353	0	False	0.042404834
2354	0	False	0.036732364
2355	0	False	0.038990147
2356	0	False	0.032383382
2357	0	False	0.034000944
2358	0	False	0.033866446
2359	0	False	0.037653536
2360	0	False	0.040868897
2361	0	False	0.04436636
2362	0	False	0.040966313
2363	0	False	0.04261507
2364	0	False	0.04385555
2365	0	False	0.041691225
2366	0	False	0.030662017
2367	0	False	0.0310657
2368	0	False	0.048421305
2369	0	False	0.05011706
2370	0	False	0.04757523
2371	0	False	0.046274956
2372	0	False	0.05885078
2373	0	False	0.0571279
2374	0	False	0.08554404
2375	0	False	0.05138116
2376	0	False	0.046918478
2377	0	False	0.04743605
2378	0	False	0.071889006
2379	0	False	0.06350753
2380	0	False	0.04640605
2381	0	False	0.04833344
2382	0	False	0.048630685
2383	0	False	0.04286668
2384	0	False	0.04723765
2385	0	False	0.053217735
2386	0	False	0.058494627
2387	0	False	0.061348088
2388	0	False	0.051037394
2389	0	False	0.06090426
2390	0	False	0.055146873
2391	0	False	0.06315479
2392	1	False	0.07736379
2393	0	False	0.17123692
2394	1	False	0.15447618
2395	0	True	0.46316227
2396	0	True	0.34150428
2397	0	True	0.24374515
2398	0	False	0.11548914
2399	0	False	0.07269041
2400	0	False	0.07366182
2401	0	False	0.0922937
2402	0	False	0.062645316
2403	0	False	0.058440752
2404	0	False	0.0693238
2405	0	False	0.07313338
2406	0	False	0.078792095
2407	0	False	0.13925757
2408	0	False	0.054312818
2409	0	False	0.05065184
2410	0	False	0.045733344
2411	0	False	0.04887307
2412	0	False	0.06330859
2413	0	False	0.04490953
2414	0	False	0.047041964
2415	0	False	0.045470577
2416	0	False	0.04645069
2417	0	False	0.048027862
2418	0	False	0.04055875
2419	0	False	0.05244179
2420	0	False	0.042319335
2421	0	False	0.041095298
2422	0	False	0.043771215
2423	0	False	0.04866412
2424	0	False	0.0476312
2425	0	False	0.037740167
2426	0	False	0.04601128
2427	0	False	0.036352243
2428	0	False	0.045955
2429	0	False	0.05345067
2430	0	False	0.049912702
2431	0	False	0.05964141
2432	0	False	0.04074206
2433	0	False	0.039607786
2434	0	False	0.03366535
2435	0	False	0.044204973
2436	0	False	0.03769361
2437	0	False	0.035530318
2438	0	False	0.03829814
2439	0	False	0.03704798
2440	0	False	0.04339562
2441	0	False	0.046726808
2442	0	False	0.035681218
2443	0	False	0.061116926
2444	0	False	0.035220977
2445	0	False	0.020684173
2446	0	False	0.021847216
2447	0	False	0.022722427
2448	0	False	0.021629436
2449	0	False	0.019428257
2450	0	False	0.023835551
2451	0	False	0.022509841
2452	0	False	0.024674699
2453	0	False	0.025256397
2454	0	False	0.025681252
2455	0	False	0.026101049
2456	0	False	0.02345042
2457	0	False	0.025284404
2458	0	False	0.022292929
2459	0	False	0.024810456
2460	0	False	0.031058133
2461	0	False	0.02602193
2462	0	False	0.027725037
2463	0	False	0.025157537
2464	0	False	0.026565049
2465	0	False	0.026459161
2466	0	False	0.031826455
2467	0	False	0.029462313
2468	0	False	0.027988134
2469	0	False	0.029264031
2470	0	False	0.027454803
2471	0	False	0.029679839
2472	0	False	0.027691556
2473	0	False	0.029627195
2474	0	False	0.030944444
2475	0	False	0.03188077
2476	0	False	0.07248487
2477	0	False	0.029720824
2478	0	False	0.032203812
2479	0	False	0.03937489
2480	0	False	0.0352608
2481	0	False	0.03504312
2482	0	False	0.025539959
2483	0	False	0.029972376
2484	0	False	0.038861852
2485	0	False	0.039654408
2486	0	False	0.04547362
2487	0	False	0.032384682
2488	0	False	0.04242339
2489	0	False	0.032062415
2490	0	False	0.036934797
2491	0	False	0.03281306
2492	0	False	0.034665994
2493	0	True	0.21924567
2494	0	True	0.29660043
2495	0	False	0.040626813
2496	0	False	0.039277837
2497	0	False	0.037935536
2498	0	False	0.033971652
2499	0	False	0.033192262
2500	0	False	0.035402402
2501	0	False	0.028551571
2502	0	False	0.032794632
2503	0	False	0.029280365
2504	0	False	0.036917772
2505	0	False	0.025476085
2506	0	False	0.026558395
2507	0	False	0.029677987
2508	0	False	0.025348987
2509	0	False	0.02767326
2510	0	False	0.030759323
2511	0	False	0.027766183
2512	0	False	0.025295606
2513	0	False	0.023473246
2514	0	False	0.026748214
2515	0	False	0.030473955
2516	0	False	0.024925746
2517	0	False	0.021910565
2518	0	False	0.02833221
2519	0	False	0.025100976
2520	0	False	0.02213129
2521	0	False	0.024957052
2522	0	False	0.022970337
2523	0	False	0.02203439
2524	0	False	0.03335221
2525	0	False	0.020201068
2526	0	False	0.02226146
2527	0	False	0.028358022
2528	0	False	0.059441175
2529	0	False	0.022010451
2530	0	False	0.02126919
2531	0	False	0.021298392
2532	0	False	0.02345042
2533	0	False	0.028851407
2534	0	False	0.01970435
2535	0	False	0.022109428
2536	0	False	0.022864774
2537	0	False	0.020645324
2538	0	False	0.01962432
2539	0	False	0.022489537
2540	0	False	0.024388803
2541	0	False	0.02328302
2542	0	False	0.023039127
2543	0	False	0.02597455
2544	0	False	0.021007588
2545	0	False	0.024133611
2546	0	False	0.022780223
2547	0	False	0.02906684
2548	0	False	0.024276307
2549	0	False	0.022386206
2550	0	False	0.021717459
2551	0	False	0.023521798
2552	0	False	0.022386206
2553	0	False	0.026139403
2554	0	False	0.025474124
2555	0	False	0.02802898
2556	0	False	0.031362657
2557	0	False	0.030395333
2558	0	False	0.03212989
2559	0	False	0.031488895
2560	0	False	0.03025847
2561	0	False	0.03019258
2562	0	False	0.033578098
2563	0	False	0.03452438
2564	0	False	0.034230247
2565	0	False	0.03714597
2566	0	False	0.0319448
2567	0	False	0.035441812
2568	0	False	0.03710207
2569	0	False	0.029195402
2570	0	False	0.03394729
2571	0	False	0.042109516
2572	0	False	0.032951362
2573	0	False	0.0385415
2574	0	False	0.033177264
2575	0	False	0.04294227
2576	0	False	0.0342137
2577	0	False	0.04111705
2578	0	False	0.039786275
2579	0	False	0.038313363
2580	0	False	0.038707603
2581	0	False	0.040874626
2582	0	False	0.035753265
2583	0	False	0.035013173
2584	0	False	0.04018345
2585	0	False	0.039481238
2586	0	False	0.0481645
2587	0	False	0.041794263
2588	0	False	0.03906148
2589	0	False	0.042803906
2590	0	False	0.042145245
2591	0	False	0.086557806
2592	0	False	0.036844168
2593	1	False	0.055048417
2594	0	False	0.04360663
2595	0	False	0.04890296
2596	0	False	0.05733692
2597	0	False	0.06633197
2598	0	False	0.042269003
2599	0	False	0.050242536
2600	0	False	0.073135525
2601	0	False	0.05224952
2602	0	False	0.06541218
2603	0	False	0.054033536
2604	0	False	0.057643224
2605	0	False	0.045984372
2606	0	False	0.058044467
2607	0	False	0.050278977
2608	0	False	0.07715704
2609	0	False	0.17739667
2610	0	False	0.05775495
2611	0	False	0.05104397
2612	0	False	0.06614243
2613	0	False	0.1103974
2614	0	False	0.070265464
2615	0	False	0.063420445
2616	0	False	0.046352293
2617	0	False	0.04043602
2618	0	False	0.05996296
2619	0	False	0.06229752
2620	0	False	0.060221512
2621	0	False	0.0431759
2622	0	False	0.043712493
2623	0	False	0.038978368
2624	0	False	0.043756668
2625	0	False	0.039858416
2626	0	False	0.040030386
2627	0	False	0.03635374
2628	0	False	0.053779814
2629	0	False	0.046858948
2630	0	False	0.03714965
2631	0	False	0.038708195
2632	0	False	0.040862113
2633	0	False	0.03335088
2634	0	False	0.033797055
2635	0	False	0.04091509
2636	0	False	0.0326569
2637	0	False	0.0338108
2638	0	False	0.034280248
2639	0	False	0.03773965
2640	0	False	0.034968734
2641	0	False	0.03161459
2642	0	False	0.037670255
2643	0	False	0.034441274
2644	0	False	0.030956233
2645	0	False	0.038991436
2646	0	False	0.0384394
2647	0	False	0.032425553
2648	0	False	0.036015872
2649	0	False	0.031979643
2650	0	False	0.03444599
2651	0	False	0.034152616
2652	0	False	0.048353184
2653	0	False	0.03576058
2654	0	False	0.025977975
2655	0	False	0.034101628
2656	0	False	0.041549906
2657	0	False	0.040946636
2658	0	False	0.06235605
2659	0	False	0.028323745
2660	0	False	0.03299143
2661	0	False	0.024793312
2662	0	False	0.035151947
2663	0	False	0.040856514
2664	0	False	0.033690482
2665	0	False	0.03165626
2666	0	False	0.027345754
2667	0	False	0.033547938
2668	0	False	0.029950392
2669	0	False	0.025977975
2670	0	False	0.036097564
2671	0	False	0.03512814
2672	0	False	0.03481346
2673	0	False	0.029968744
2674	0	False	0.034617722
2675	0	False	0.03301192
2676	0	False	0.025642216
2677	0	False	0.032422554
2678	0	False	0.028726038
2679	0	False	0.031317703
2680	0	False	0.030761627
2681	0	False	0.038969766
2682	0	False	0.038839344
2683	0	False	0.029968744
2684	0	False	0.029968744
2685	0	False	0.026200341
2686	0	False	0.031120999
2687	0	False	0.026924115
2688	0	False	0.029564848
2689	0	False	0.035134703
2690	0	False	0.029968744
2691	0	False	0.030761627
2692	0	False	0.03221088
2693	0	False	0.035047635
2694	0	False	0.034769382
2695	0	False	0.03158491
2696	0	False	0.034118846
2697	0	False	0.0335297
2698	0	False	0.033997785
2699	0	False	0.032116935
2700	0	False	0.03259479
2701	0	False	0.05315448
2702	0	False	0.039729845
2703	0	False	0.042051136
2704	0	False	0.038197547
2705	0	False	0.03781862
2706	0	False	0.051897082
2707	0	False	0.037938807
2708	0	False	0.05039849
2709	0	False	0.17554727
2710	0	True	0.22102252
2711	0	False	0.13219114
2712	0	False	0.050840594
2713	0	False	0.0406342
2714	0	False	0.053089105
2715	0	False	0.0416294
2716	0	False	0.04748284
2717	0	False	0.04362983
2718	0	False	0.042584565
2719	0	False	0.038749292
2720	0	False	0.037912138
2721	0	False	0.035535704
2722	0	False	0.036071256
2723	0	False	0.038245093
2724	0	False	0.03381555
2725	0	False	0.0408211
2726	0	False	0.032091588
2727	0	False	0.035308093
2728	0	False	0.03707765
2729	0	False	0.035601187
2730	0	False	0.06228455
2731	0	False	0.03144961
2732	0	False	0.04005762
2733	0	False	0.043407705
2734	0	False	0.03690061
2735	0	False	0.039631885
2736	0	False	0.04720697
2737	0	False	0.032451898
2738	0	False	0.034924656
2739	0	False	0.03806079
2740	0	False	0.036278624
2741	0	False	0.044596966
2742	0	False	0.029049223
2743	0	False	0.03316209
2744	0	False	0.0306646
2745	0	False	0.035248768
2746	0	False	0.027959285
2747	0	False	0.034085758
2748	0	False	0.03078774
2749	0	False	0.031376567
2750	0	False	0.028836455
2751	0	False	0.028070906
2752	0	False	0.030324737
2753	0	False	0.029919319
2754	0	False	0.023960222
2755	0	False	0.023457099
2756	0	False	0.033330303
2757	0	False	0.032951567
2758	0	False	0.0271293
2759	0	False	0.027532991
2760	0	False	0.03061942
2761	0	False	0.027633315
2762	0	False	0.028297411
2763	0	False	0.030941267
2764	0	False	0.029305313
2765	0	False	0.030289568
2766	0	False	0.03801052
2767	0	False	0.03251535
2768	0	False	0.027134467
2769	0	False	0.028285187
2770	0	False	0.027660565
2771	0	False	0.027314482
2772	0	False	0.029358672
2773	0	False	0.032917403
2774	0	False	0.028217914
2775	0	False	0.026182504
2776	0	False	0.029349102
2777	0	False	0.031215074
2778	0	False	0.031042922
2779	0	False	0.026414284
2780	0	False	0.033827808
2781	0	False	0.027357843
2782	0	False	0.026465297
2783	0	False	0.030329887
2784	0	False	0.031118102
2785	0	False	0.027660565
2786	0	False	0.027407194
2787	0	False	0.02870309
2788	0	False	0.027540142
2789	0	False	0.034664165
2790	0	False	0.024675967
2791	0	False	0.028181946
2792	0	False	0.030488448
2793	0	False	0.032641847
2794	0	False	0.047820758
2795	0	False	0.029002523
2796	0	False	0.03037435
2797	0	False	0.025383495
2798	0	False	0.028351665
2799	0	False	0.034454737
2800	0	False	0.02572786
2801	0	False	0.027589632
2802	0	False	0.026927419
2803	0	False	0.02593122
2804	0	False	0.0267626
2805	0	False	0.024344174
2806	0	False	0.030193064
2807	0	False	0.02909252
2808	0	False	0.027407194
2809	0	False	0.028406717
2810	0	False	0.032151338
2811	0	False	0.029755518
2812	0	False	0.025493901
2813	0	False	0.029748427
2814	0	False	0.028649624
2815	0	False	0.03162215
2816	0	False	0.037107714
2817	0	False	0.03540629
2818	0	False	0.028406717
2819	0	False	0.028406717
2820	0	False	0.027439477
2821	0	False	0.02893034
2822	0	False	0.027695356
2823	0	False	0.026705272
2824	0	False	0.029702576
2825	0	False	0.028406717
2826	0	False	0.03505359
2827	0	False	0.033135094
2828	0	False	0.028977804
2829	1	True	0.6924849
2830	1	True	0.7741838
2831	1	True	0.6541496
2832	1	False	0.04879011
2833	1	True	0.72554517
2834	0	False	0.10529867
2835	0	False	0.15308733
2836	0	False	0.1419113
2837	0	True	0.2832201
2838	0	True	0.2832201
2839	0	True	0.4069406
2840	0	True	0.5274106
2841	0	True	0.36920702
2842	0	True	0.37639228
2843	0	True	0.37639228
2844	0	False	0.13330673
2845	0	True	0.2211898
2846	0	False	0.14185663
2847	0	False	0.10729713
2848	0	False	0.12621175
2849	0	False	0.13399027
2850	0	False	0.17599772
2851	0	True	0.2585166
2852	0	True	0.24145505
2853	0	True	0.23262757
2854	0	True	0.23262757
2855	0	False	0.1811186
2856	0	False	0.18015371
2857	0	False	0.13909347
2858	0	False	0.19919874
2859	0	False	0.16924055
2860	0	True	0.28450307
2861	0	True	0.38013798
2862	0	True	0.38013798
2863	0	True	0.32563522
2864	0	True	0.4085968
2865	0	True	0.46119532
2866	1	True	0.77007806
2867	0	False	0.14798771
2868	0	False	0.15119362
2869	0	True	0.22054231
2870	0	True	0.4625299
2871	0	True	0.4625299
2872	0	True	0.2604037
2873	0	True	0.2604037
2874	0	True	0.33341685
2875	0	True	0.3410722
2876	0	True	0.3410722
2877	0	True	0.23319277
2878	0	True	0.23319277
2879	0	False	0.12779172
2880	0	True	0.24429952
2881	0	False	0.20178148
2882	0	False	0.20178148
2883	0	False	0.13888533
2884	0	False	0.13888533
2885	1	True	0.22560133
2886	1	True	0.5312935
2887	1	True	0.24029852
2888	0	False	0.10088255
2889	0	False	0.10088255
2890	0	False	0.084755376
2891	0	False	0.08824023
2892	0	False	0.15942815
2893	0	True	0.22630562
2894	0	False	0.18348944
2895	0	False	0.13834268
2896	0	False	0.14386386
2897	0	False	0.20533106
2898	0	False	0.15644145
2899	0	False	0.103382856
2900	0	True	0.35278222
2901	0	False	0.17057456
2902	0	False	0.15490463
2903	0	False	0.13233449
2904	0	False	0.17335078
2905	0	False	0.13103803
2906	0	False	0.13450196
2907	0	False	0.158541
2908	0	False	0.17370868
2909	0	False	0.16508324
2910	0	True	0.22644612
2911	0	True	0.21885005
2912	0	False	0.13099474
2913	0	False	0.16998893
2914	0	False	0.16998893
2915	0	False	0.11982702
2916	0	False	0.15848015
2917	0	False	0.15848015
2918	0	False	0.13053638
2919	0	False	0.14280786
2920	0	False	0.123135716
2921	0	False	0.123135716
2922	0	False	0.12611593
2923	0	False	0.13256942
2924	0	False	0.113296896
2925	0	True	0.43280283
2926	0	False	0.14244853
2927	0	False	0.14244853
2928	0	False	0.09185989
2929	0	False	0.07813186
2930	0	False	0.110824294
2931	0	False	0.094241545
2932	0	False	0.10399228
2933	0	False	0.0935971
2934	0	False	0.09238019
2935	0	False	0.0791457
2936	0	False	0.078374445
2937	0	False	0.13209802
2938	0	False	0.1221392
2939	0	False	0.1221392
2940	0	False	0.093003124
2941	0	False	0.1367341
2942	0	False	0.07352278
2943	0	False	0.07963368
2944	0	False	0.098342344
2945	0	False	0.098342344
2946	0	False	0.09719344
2947	0	False	0.0645961
2948	0	False	0.07438619
2949	0	False	0.0897961
2950	0	False	0.09503624
2951	0	False	0.065619
2952	0	False	0.05804147
2953	0	False	0.07936223
2954	0	False	0.07936223
2955	0	False	0.07133911
2956	0	False	0.07133911
2957	0	False	0.08154261
2958	0	False	0.08154261
2959	0	False	0.08154261
2960	0	False	0.06477707
2961	0	False	0.06306979
2962	0	False	0.056646347
2963	0	False	0.058558393
2964	0	False	0.05860392
2965	0	False	0.059838712
2966	0	False	0.05614529
2967	0	False	0.06913095
2968	0	False	0.08506415
2969	0	False	0.05982581
2970	0	False	0.05663675
2971	0	False	0.05542134
2972	0	False	0.067477755
2973	0	False	0.068525255
2974	0	False	0.07465027
2975	0	False	0.07465027
2976	0	False	0.06295293
2977	0	False	0.06579631
2978	0	False	0.077667154
2979	0	False	0.070547305
2980	0	False	0.07058146
2981	0	False	0.067718215
2982	0	False	0.07274348
2983	0	False	0.14762767
2984	0	False	0.14762767
2985	0	False	0.087288804
2986	0	False	0.087288804
2987	0	False	0.079669744
2988	0	False	0.08689036
2989	0	False	0.09139887
2990	0	False	0.086956136
2991	1	False	0.11773617
2992	0	False	0.11776069
2993	0	False	0.07953612
2994	0	False	0.06896818
2995	0	False	0.06896818
2996	0	False	0.07891117
2997	0	False	0.096509784
2998	0	False	0.08926162
2999	0	False	0.08926162
3000	0	False	0.093478
3001	0	False	0.10635086
3002	0	False	0.10941538
3003	1	False	0.14580299
3004	1	False	0.11561464
3005	1	True	0.24661241
3006	0	False	0.11126552
3007	0	False	0.104611106
3008	0	False	0.10071739
3009	1	False	0.09261939
3010	0	False	0.075947866
3011	0	False	0.09369092
3012	0	False	0.084308475
3013	0	False	0.08023691
3014	0	False	0.07485879
3015	0	False	0.16906102
3016	0	False	0.11756378
3017	1	True	0.92756754
3018	1	True	0.4902188
3019	1	True	0.56471026
3020	0	False	0.051670928
3021	0	False	0.049435273
3022	0	False	0.047617607
3023	0	False	0.054014064
3024	0	False	0.049381357
3025	0	False	0.05231779
3026	0	False	0.04914547
3027	0	False	0.059168007
3028	0	False	0.049526315
3029	0	False	0.05231779
3030	0	False	0.04914547
3031	0	False	0.047689237
3032	0	False	0.042760067
3033	0	False	0.056152817
3034	0	False	0.0474299
3035	0	False	0.040497765
3036	0	False	0.048667256
3037	0	False	0.047788896
3038	0	False	0.045839123
3039	0	False	0.047143087
3040	0	False	0.042389948
3041	0	False	0.051480304
3042	0	False	0.05024833
3043	0	False	0.05465037
3044	0	False	0.0507288
3045	0	False	0.050490666
3046	0	False	0.049127214
3047	0	False	0.05560207
3048	0	False	0.050715372
3049	0	False	0.055323847
3050	0	False	0.05070315
3051	0	False	0.05299801
3052	0	False	0.0422579
3053	0	False	0.053689077
3054	0	False	0.047342524
3055	0	False	0.04699311
3056	0	False	0.048276566
3057	0	False	0.0432812
3058	0	False	0.05078531
3059	0	False	0.051897787
3060	0	False	0.05938366
3061	0	False	0.049784895
3062	0	False	0.046629485
3063	0	False	0.063218586
3064	0	False	0.064650565
3065	0	False	0.049127214
3066	0	False	0.062213
3067	0	False	0.06300668
3068	0	False	0.05069817
3069	0	False	0.041304123
3070	0	False	0.060148086
3071	0	False	0.045317765
3072	0	False	0.048768256
3073	0	False	0.0754677
3074	0	False	0.049047172
3075	0	False	0.050004125
3076	0	False	0.050010625
3077	0	False	0.05603018
3078	0	False	0.047924947
3079	0	False	0.054581176
3080	0	False	0.04504271
3081	0	False	0.047788896
3082	0	False	0.054134697
3083	0	False	0.07913717
3084	0	False	0.08201189
3085	0	False	0.087386645
3086	0	False	0.05927737
3087	0	False	0.058857802
3088	0	False	0.07015085
3089	0	False	0.0505211
3090	0	False	0.06522611
3091	0	False	0.069781646
3092	0	False	0.05219742
3093	0	False	0.05012302
3094	0	False	0.06984511
3095	0	False	0.071909405
3096	0	False	0.067973554
3097	0	False	0.0663971
3098	0	False	0.05972403
3099	0	False	0.060506873
3100	0	False	0.09096493
3101	0	False	0.07982739
3102	0	False	0.07532419
3103	0	False	0.060068548
3104	0	False	0.07723875
3105	0	False	0.11601397
3106	0	False	0.10019038
3107	0	False	0.06688444
3108	0	False	0.07845227
3109	0	False	0.08119109
3110	0	False	0.08343513
3111	0	False	0.08756462
3112	0	False	0.09176711
3113	0	False	0.07843229
3114	0	False	0.09206356
3115	0	False	0.10419363
3116	0	False	0.07850018
3117	0	False	0.094054334
3118	0	False	0.07816628
3119	0	False	0.10656541
3120	0	False	0.08308857
3121	0	False	0.09662837
3122	0	False	0.13542885
3123	0	False	0.11125173
3124	0	False	0.10487811
3125	0	False	0.17669065
3126	0	False	0.19423892
3127	0	False	0.15674366
3128	0	False	0.17263748
3129	0	False	0.17848194
3130	0	False	0.1868967
3131	0	True	0.35119903
3132	0	True	0.5595297
3133	0	True	0.4645888
3134	1	True	0.87029254
3135	1	True	0.58069915
3136	0	True	0.27057016
3137	1	True	0.60128874
3138	0	False	0.19124071
3139	0	False	0.12175189
3140	0	False	0.1056538
3141	0	False	0.17737882
3142	0	False	0.105185
3143	0	False	0.1263953
3144	0	False	0.10310447
3145	0	False	0.1707873
3146	0	False	0.097464345
3147	0	False	0.10020226
3148	0	False	0.098143734
3149	0	False	0.10532409
3150	0	False	0.14427456
3151	0	False	0.1996791
3152	0	False	0.13344951
3153	0	False	0.091649264
3154	0	False	0.087502345
3155	0	False	0.09526095
3156	0	False	0.084505185
3157	0	False	0.08580427
3158	0	False	0.09317787
3159	0	False	0.08245358
3160	0	False	0.09444791
3161	0	False	0.07994244
3162	0	False	0.05881879
3163	0	False	0.07030541
3164	0	False	0.061824854
3165	0	False	0.07551619
3166	0	False	0.08598018
3167	0	False	0.06961322
3168	0	False	0.06430865
3169	0	False	0.0773445
3170	0	False	0.079837576
3171	0	False	0.072154015
3172	0	False	0.07534216
3173	0	False	0.08206384
3174	0	False	0.06553606
3175	0	False	0.090157494
3176	0	False	0.10502748
3177	0	False	0.0812619
3178	0	False	0.09802537
3179	0	False	0.06819179
3180	0	False	0.055165194
3181	0	False	0.06295117
3182	0	False	0.06204094
3183	0	False	0.06093727
3184	0	False	0.06547992
3185	0	False	0.06059556
3186	0	False	0.0784283
3187	0	False	0.07344838
3188	0	False	0.09221191
3189	0	False	0.07545848
3190	0	False	0.07427082
3191	0	False	0.06171383
3192	0	False	0.06818705
3193	0	False	0.0611424
3194	0	False	0.07236088
3195	0	False	0.073051326
3196	0	False	0.07974377
3197	0	False	0.078914255
3198	0	False	0.0651308
3199	0	False	0.07985945
3200	0	False	0.07148533
3201	0	False	0.08653113
3202	0	False	0.06382924
3203	0	False	0.06006275
3204	0	False	0.049315847
3205	0	False	0.0579656
3206	0	False	0.050748564
3207	0	False	0.052550454
3208	0	False	0.057722844
3209	0	False	0.060126286
3210	0	False	0.05685836
3211	0	False	0.05314657
3212	0	False	0.05131082
3213	0	False	0.04989112
3214	0	False	0.050911263
3215	0	False	0.050911263
3216	0	False	0.06283356
3217	0	False	0.054321397
3218	0	False	0.055492632
3219	0	False	0.050787963
3220	0	False	0.05181236
3221	0	False	0.05553643
3222	0	False	0.045852534
3223	0	False	0.05515291
3224	0	False	0.0479921
3225	0	False	0.062920466
3226	0	False	0.05140236
3227	0	False	0.053357396
3228	0	False	0.06730847
3229	0	False	0.041992027
3230	0	False	0.05117181
3231	0	False	0.051604994
3232	0	False	0.025956025
3233	0	False	0.02373226
3234	0	False	0.026080728
3235	0	False	0.02628989
3236	0	False	0.02432233
3237	0	False	0.025547255
3238	0	False	0.02465473
3239	0	False	0.028397452
3240	0	False	0.024850745
3241	0	False	0.02628989
3242	0	False	0.023957146
3243	0	False	0.0250684
3244	0	False	0.026431303
3245	0	False	0.030435715
3246	0	False	0.02787653
3247	0	False	0.0215436
3248	0	False	0.022870097
3249	0	False	0.022811234
3250	0	False	0.023116611
3251	0	False	0.020019718
3252	0	False	0.026118185
3253	0	False	0.024079524
3254	0	False	0.031002577
3255	0	False	0.023947954
3256	0	False	0.029631898
3257	0	False	0.026955193
3258	0	False	0.031548265
3259	0	False	0.028889978
3260	0	False	0.032337356
3261	0	False	0.027840706
3262	0	False	0.027674869
3263	0	False	0.025461698
3264	0	False	0.029063933
3265	0	False	0.02819998
3266	0	False	0.023238622
3267	0	False	0.025010297
3268	0	False	0.023147814
3269	0	False	0.028890515
3270	0	False	0.02920381
3271	0	False	0.034091756
3272	0	False	0.02716249
3273	0	False	0.034268595
3274	0	False	0.0371232
3275	0	False	0.026955193
3276	0	False	0.024974223
3277	0	False	0.028387593
3278	0	False	0.024720568
3279	0	False	0.02158835
3280	0	False	0.03003127
3281	0	False	0.020383136
3282	0	False	0.024079524
3283	0	False	0.04287352
3284	0	False	0.028550252
3285	0	False	0.028140642
3286	0	False	0.024019895
3287	0	False	0.028570715
3288	0	False	0.023957146
3289	0	False	0.022705585
3290	0	False	0.023593199
3291	0	False	0.025010297
3292	0	False	0.034949545
3293	0	False	0.038145833
3294	0	False	0.03608609
3295	0	False	0.03054148
3296	0	False	0.030996466
3297	0	False	0.027586736
3298	0	False	0.028145893
3299	0	False	0.034725033
3300	0	False	0.0328395
3301	0	False	0.02683341
3302	0	False	0.02684223
3303	0	False	0.033226762
3304	0	False	0.034046613
3305	0	False	0.03271142
3306	0	False	0.034181554
3307	0	False	0.030903881
3308	0	False	0.0351441
3309	0	False	0.03187403
3310	0	False	0.030398166
3311	0	False	0.035664305
3312	0	False	0.0400962
3313	0	False	0.03834903
3314	0	False	0.029337585
3315	0	False	0.034905184
3316	0	False	0.036183435
3317	0	False	0.036536563
3318	0	False	0.043283194
3319	0	False	0.04696506
3320	0	False	0.051223397
3321	0	False	0.069305696
3322	0	False	0.0488615
3323	0	False	0.04093137
3324	0	False	0.046132136
3325	0	False	0.042904917
3326	0	False	0.05891876
3327	0	False	0.043416064
3328	0	False	0.053039163
3329	0	False	0.048439432
3330	0	False	0.09125003
3331	0	False	0.04960643
3332	0	False	0.045346394
3333	0	False	0.04929049
3334	0	False	0.05999949
3335	0	False	0.04940202
3336	0	False	0.08019728
3337	0	False	0.08365273
3338	0	False	0.0854885
3339	0	False	0.09812154
3340	0	False	0.10145783
3341	1	True	0.2994751
3342	0	False	0.1192212
3343	0	False	0.14670517
3344	0	False	0.13248917
3345	0	False	0.20720083
3346	0	True	0.22625881
3347	0	True	0.23800024
3348	1	True	0.7282994
3349	0	False	0.11765111
3350	0	False	0.12674674
3351	0	False	0.058500797
3352	0	False	0.06109966
3353	0	False	0.083889544
3354	0	False	0.08381093
3355	0	False	0.06624505
3356	0	False	0.050092053
3357	0	False	0.07346034
3358	0	False	0.08940222
3359	0	False	0.067074336
3360	0	False	0.06600723
3361	0	False	0.061846346
3362	0	False	0.067468844
3363	0	False	0.044241443
3364	0	False	0.042181633
3365	0	False	0.06414717
3366	0	False	0.04950721
3367	0	False	0.046981193
3368	0	False	0.035691045
3369	0	False	0.031628557
3370	0	False	0.038858548
3371	0	False	0.033353683
3372	0	False	0.03562791
3373	0	False	0.044035327
3374	0	False	0.028033422
3375	0	False	0.030398166
3376	0	False	0.039011087
3377	0	False	0.03792647
3378	0	False	0.043214634
3379	0	False	0.03858493
3380	0	False	0.030002493
3381	0	False	0.041509308
3382	0	False	0.04542635
3383	0	False	0.042529397
3384	0	False	0.031071927
3385	0	False	0.030939244
3386	0	False	0.035110567
3387	0	False	0.03834471
3388	0	False	0.031637993
3389	0	False	0.031417143
3390	0	False	0.030002493
3391	0	False	0.04045297
3392	0	False	0.038647693
3393	0	False	0.04610671
3394	0	False	0.03974624
3395	0	False	0.032495435
3396	0	False	0.026905773
3397	0	False	0.026799923
3398	0	False	0.029997839
3399	0	False	0.030831954
3400	0	False	0.031139443
3401	0	False	0.034973685
3402	0	False	0.03165738
3403	0	False	0.0353506
3404	0	False	0.0314116
3405	0	False	0.034779448
3406	0	False	0.032740008
3407	0	False	0.030215887
3408	0	False	0.025221258
3409	0	False	0.024928214
3410	0	False	0.02676214
3411	0	False	0.024817921
3412	0	False	0.026739484
3413	0	False	0.02806618
3414	0	False	0.028210156
3415	0	False	0.025862578
3416	0	False	0.02436683
3417	0	False	0.02474241
3418	0	False	0.026391001
3419	0	False	0.026391001
3420	0	False	0.03682101
3421	0	False	0.028576113
3422	0	False	0.030224314
3423	0	False	0.028196817
3424	0	False	0.026029
3425	0	False	0.02602288
3426	0	False	0.026487334
3427	0	False	0.027106348
3428	0	False	0.02460297
3429	0	False	0.030331662
3430	0	False	0.02786376
3431	0	False	0.028982373
3432	0	False	0.028988386
3433	0	False	0.024213936
3434	0	False	0.02569857
3435	0	False	0.02764465
3436	0	False	0.037592847
3437	0	False	0.03044211
3438	0	False	0.03361574
3439	0	False	0.038620144
3440	0	False	0.034485757
3441	0	False	0.036931176
3442	0	False	0.035729542
3443	0	False	0.04907297
3444	0	False	0.03601036
3445	0	False	0.036931176
3446	0	False	0.035729542
3447	0	False	0.03431514
3448	0	False	0.032293584
3449	0	False	0.037482567
3450	0	False	0.033577845
3451	0	False	0.030514866
3452	0	False	0.035729542
3453	0	False	0.03425409
3454	0	False	0.03425409
3455	0	False	0.030114142
3456	0	False	0.038320377
3457	0	False	0.037592847
3458	0	False	0.042269375
3459	0	False	0.03497679
3460	0	False	0.04024297
3461	0	False	0.03861254
3462	0	False	0.03845451
3463	0	False	0.034834214
3464	0	False	0.038939357
3465	0	False	0.036639377
3466	0	False	0.0402472
3467	0	False	0.031352744
3468	0	False	0.03719025
3469	0	False	0.037194885
3470	0	False	0.034139894
3471	0	False	0.037936695
3472	0	False	0.037150383
3473	0	False	0.04653111
3474	0	False	0.04507982
3475	0	False	0.046025854
3476	0	False	0.031021593
3477	0	False	0.05164737
3478	0	False	0.050960675
3479	0	False	0.03861254
3480	0	False	0.036975447
3481	0	False	0.045891948
3482	0	False	0.041087843
3483	0	False	0.031461813
3484	0	False	0.045873422
3485	0	False	0.030655073
3486	0	False	0.040165856
3487	0	False	0.06317397
3488	0	False	0.034834214
3489	0	False	0.03601838
3490	0	False	0.036367558
3491	0	False	0.041253794
3492	0	False	0.03468634
3493	0	False	0.035729542
3494	0	False	0.033651855
3495	0	False	0.035729542
3496	0	False	0.037936695
3497	0	False	0.0396415
3498	0	False	0.041967567
3499	0	False	0.037474558
3500	0	False	0.03359617
3501	0	False	0.032349035
3502	0	False	0.03447506
3503	0	False	0.03219858
3504	0	False	0.040544707
3505	0	False	0.04046988
3506	0	False	0.0319455
3507	0	False	0.030258518
3508	0	False	0.0402785
3509	0	False	0.041507922
3510	0	False	0.040371265
3511	0	False	0.039356347
3512	0	False	0.036112383
3513	0	False	0.04447819
3514	0	False	0.03741024
3515	0	False	0.03439237
3516	0	False	0.04115459
3517	0	False	0.06729834
3518	0	False	0.05698675
3519	0	False	0.031963393
3520	0	False	0.039556623
3521	0	False	0.03977462
3522	0	False	0.04139607
3523	0	False	0.054316703
3524	0	False	0.04975808
3525	0	False	0.040504556
3526	0	False	0.049308997
3527	0	False	0.054907355
3528	0	False	0.053585626
3529	0	False	0.053540435
3530	0	False	0.0452524
3531	0	False	0.048161805
3532	0	False	0.05165023
3533	0	False	0.043876525
3534	0	False	0.048241597
3535	0	False	0.061137993
3536	0	False	0.057445314
3537	0	False	0.050323132
3538	0	False	0.049826
3539	0	False	0.047681745
3540	0	False	0.049826
3541	0	False	0.048551522
3542	0	False	0.049078465
3543	0	False	0.048966717
3544	0	False	0.043295726
3545	0	False	0.040072773
3546	0	False	0.03843237
3547	0	False	0.096553236
3548	0	False	0.04590662
3549	0	False	0.053930905
3550	0	False	0.046163287
3551	0	False	0.051180262
3552	0	False	0.047849115
3553	0	False	0.05266543
3554	0	False	0.088892214
3555	0	False	0.057026107
3556	0	False	0.057554577
3557	0	False	0.055445004
3558	0	False	0.06174239
3559	0	False	0.04802014
3560	0	False	0.057006408
3561	0	False	0.055337243
3562	0	False	0.05587185
3563	0	False	0.056244317
3564	0	False	0.04597541
3565	0	False	0.046061635
3566	0	False	0.09375675
3567	0	False	0.11156799
3568	0	False	0.08915275
3569	0	False	0.05381435
3570	0	False	0.056756217
3571	0	False	0.062997855
3572	0	False	0.0527637
3573	0	False	0.039573677
3574	0	False	0.06981188
3575	0	False	0.05940332
3576	0	False	0.073094666
3577	0	False	0.063548364
3578	0	False	0.090235986
3579	0	False	0.10496383
3580	0	False	0.09546507
3581	0	False	0.06323551
3582	0	False	0.082180746
3583	0	False	0.06052894
3584	0	False	0.07531966
3585	0	False	0.09432019
3586	0	False	0.098430514
3587	0	False	0.16346094
3588	0	False	0.13279563
3589	0	False	0.1796555
3590	0	True	0.34059903
3591	1	True	0.7525907
3592	0	True	0.44614413
3593	1	True	0.5794748
3594	0	True	0.39959353
3595	1	True	0.5858133
3596	1	True	0.6201787
3597	1	True	0.7207339
3598	1	True	0.57812
3599	0	True	0.2363492
3600	0	True	0.24245563
3601	0	True	0.3589502
3602	0	True	0.22254325
3603	1	False	0.101794176
3604	0	False	0.16281195
3605	0	False	0.07907971
3606	0	False	0.11278287
3607	0	False	0.06929601
3608	0	False	0.06995942
3609	0	False	0.07419417
3610	0	False	0.18659025
3611	0	False	0.07863148
3612	0	False	0.0835637
3613	0	False	0.07878326
3614	0	False	0.11023869
3615	0	False	0.073794045
3616	0	False	0.10994452
3617	0	False	0.07006495
3618	0	False	0.06423807
3619	0	False	0.047886755
3620	0	False	0.04514507
3621	0	False	0.047986384
3622	0	False	0.037357587
3623	0	False	0.0398732
3624	0	False	0.04827846
3625	0	False	0.048937943
3626	0	False	0.040374056
3627	0	False	0.03896133
3628	0	False	0.03896133
3629	0	False	0.039473344
3630	0	False	0.039473344
3631	0	False	0.05203639
3632	0	False	0.03863186
3633	0	False	0.039616954
3634	0	False	0.03768736
3635	0	False	0.040081102
3636	0	False	0.037688512
3637	0	False	0.031817496
3638	0	False	0.04178751
3639	0	False	0.034879476
3640	0	False	0.043950256
3641	0	False	0.036877222
3642	0	False	0.042482264
3643	0	False	0.048319194
3644	0	False	0.032627907
3645	0	False	0.036709297
3646	0	False	0.042766985
3647	0	False	0.026525754
3648	0	False	0.026471986
3649	0	False	0.030103039
3650	0	False	0.026866743
3651	0	False	0.024857115
3652	0	False	0.026866743
3653	0	False	0.025196632
3654	0	False	0.03292807
3655	0	False	0.025396844
3656	0	False	0.026866743
3657	0	False	0.025196632
3658	0	False	0.027563272
3659	0	False	0.026635924
3660	0	False	0.03204077
3661	0	False	0.02567055
3662	0	False	0.021680553
3663	0	False	0.0238716
3664	0	False	0.024112346
3665	0	False	0.023313586
3666	0	False	0.023625525
3667	0	False	0.023524527
3668	0	False	0.026024867
3669	0	False	0.02538576
3670	0	False	0.033490453
3671	0	False	0.025912384
3672	0	False	0.028052548
3673	0	False	0.026769096
3674	0	False	0.037600785
3675	0	False	0.0313157
3676	0	False	0.03556786
3677	0	False	0.027563915
3678	0	False	0.027310152
3679	0	False	0.027098158
3680	0	False	0.03150379
3681	0	False	0.03189042
3682	0	False	0.025186133
3683	0	False	0.02483727
3684	0	False	0.023113297
3685	0	False	0.030645264
3686	0	False	0.032155853
3687	0	False	0.037070815
3688	0	False	0.029034317
3689	0	False	0.033053488
3690	0	False	0.03758562
3691	0	False	0.028431093
3692	0	False	0.025840886
3693	0	False	0.027824435
3694	0	False	0.026747279
3695	0	False	0.021615718
3696	0	False	0.031039622
3697	0	False	0.02216723
3698	0	False	0.02538576
3699	0	False	0.041974854
3700	0	False	0.03174446
3701	0	False	0.030598933
3702	0	False	0.026773222
3703	0	False	0.032531668
3704	0	False	0.025196632
3705	0	False	0.023205668
3706	0	False	0.024112346
3707	0	False	0.02483727
3708	0	False	0.03475756
3709	0	False	0.033080928
3710	0	False	0.034820314
3711	0	False	0.035827816
3712	0	False	0.0363586
3713	0	False	0.026222331
3714	0	False	0.028929615
3715	0	False	0.035019483
3716	0	False	0.03735242
3717	0	False	0.030356593
3718	0	False	0.028807476
3719	0	False	0.037119906
3720	0	False	0.037437562
3721	0	False	0.036091223
3722	0	False	0.041640237
3723	0	False	0.038804006
3724	0	False	0.028809018
3725	0	False	0.03490091
3726	0	False	0.03106021
3727	0	False	0.035296164
3728	0	False	0.04383849
3729	0	False	0.040895138
3730	0	False	0.032161944
3731	0	False	0.036403336
3732	0	False	0.037734307
3733	0	False	0.04000831
3734	0	False	0.036840692
3735	0	False	0.04730346
3736	0	False	0.03473233
3737	0	False	0.041276347
3738	0	False	0.04351992
3739	0	False	0.0329533
3740	0	False	0.036170352
3741	0	False	0.0322092
3742	0	False	0.038353126
3743	0	False	0.034959394
3744	0	False	0.045036875
3745	0	False	0.05831247
3746	0	False	0.04931304
3747	0	False	0.045096472
3748	0	False	0.050406836
3749	0	False	0.05696186
3750	0	False	0.048715305
3751	0	False	0.046415456
3752	0	False	0.047296885
3753	0	False	0.04765579
3754	0	False	0.051333103
3755	0	False	0.049247548
3756	0	False	0.048269838
3757	0	False	0.12361676
3758	0	False	0.049360443
3759	0	False	0.05940301
3760	0	False	0.056168992
3761	0	False	0.06857274
3762	0	False	0.07994839
3763	0	False	0.05399907
3764	0	False	0.13060561
3765	0	False	0.067687355
3766	0	False	0.06621229
3767	0	False	0.100612015
3768	0	False	0.14356655
3769	0	False	0.13562067
3770	0	False	0.1961618
3771	0	True	0.21746004
3772	0	False	0.17064615
3773	0	False	0.110440046
3774	0	False	0.13391869
3775	1	True	0.22560458
3776	1	False	0.1870609
3777	0	False	0.06413975
3778	0	False	0.058717918
3779	0	False	0.0658207
3780	0	False	0.064722545
3781	0	False	0.064784035
3782	0	False	0.079701476
3783	0	False	0.056081913
3784	0	False	0.052678496
3785	0	False	0.04315886
3786	0	False	0.04195023
3787	0	False	0.05331384
3788	0	False	0.044134617
3789	0	False	0.048277233
3790	1	False	0.0522028
3791	0	False	0.03471637
3792	0	False	0.03807536
3793	0	False	0.036916617
3794	0	False	0.036942635
3795	0	False	0.041494746
3796	0	False	0.038700417
3797	0	False	0.036701012
3798	0	False	0.039369058
3799	0	False	0.047267813
3800	0	False	0.043979008
3801	0	False	0.028897176
3802	0	False	0.02652875
3803	0	False	0.029992687
3804	0	False	0.031185878
3805	0	False	0.037409317
3806	0	False	0.03940096
3807	0	False	0.036386177
3808	0	False	0.036359444
3809	0	False	0.0350752
3810	0	False	0.041824155
3811	0	False	0.03607601
3812	0	False	0.03635647
3813	0	False	0.03265778
3814	0	False	0.030667858
3815	0	False	0.03412624
3816	0	False	0.031948272
3817	0	False	0.032266527
3818	0	False	0.038050953
3819	0	False	0.039517544
3820	0	False	0.037190717
3821	0	False	0.032422535
3822	0	False	0.028800061
3823	0	False	0.0390208
3824	0	False	0.034714527
3825	0	False	0.034662683
3826	0	False	0.027478859
3827	0	False	0.024804018
3828	0	False	0.029475678
3829	0	False	0.024122316
3830	0	False	0.025991457
3831	0	False	0.029063746
3832	0	False	0.028091721
3833	0	False	0.029927852
3834	0	False	0.02424536
3835	0	False	0.024619116
3836	0	False	0.026259728
3837	0	False	0.026259728
3838	0	False	0.038256954
3839	0	False	0.03205151
3840	0	False	0.032759216
3841	0	False	0.030620163
3842	0	False	0.028188646
3843	0	False	0.027184859
3844	0	False	0.023776442
3845	0	False	0.030308362
3846	0	False	0.024480354
3847	0	False	0.030390628
3848	0	False	0.026671179
3849	0	False	0.027660662
3850	0	False	0.034410737
3851	0	False	0.024533115
3852	0	False	0.025570637
3853	0	False	0.026779072
3854	1	True	0.81782776
3855	1	True	0.7405796
3856	1	True	0.8865431
