	Significant	y_pred	y_prob
0	1	False	0.06463632
1	1	False	0.13313383
2	1	True	0.89032537
3	1	True	0.9008964
4	1	True	0.89507407
5	1	True	0.79156923
6	0	False	0.07318233
7	0	False	0.07599913
8	0	False	0.08934667
9	0	False	0.07318233
10	0	False	0.07184605
11	0	False	0.06267346
12	0	False	0.052443672
13	0	False	0.05659221
14	0	False	0.06092827
15	0	False	0.05674295
16	0	False	0.06071645
17	0	False	0.054362535
18	0	False	0.059248064
19	0	False	0.05429448
20	0	False	0.053288475
21	0	False	0.06278354
22	0	False	0.07401846
23	0	False	0.066520095
24	0	False	0.06478648
25	0	False	0.050561007
26	0	False	0.11931652
27	0	False	0.0553391
28	0	False	0.06270563
29	0	False	0.053423934
30	0	False	0.057282574
31	0	False	0.061573412
32	0	False	0.058127183
33	0	False	0.07503347
34	0	False	0.060211305
35	0	False	0.071218275
36	0	False	0.06108284
37	0	False	0.05555213
38	0	False	0.05601206
39	0	False	0.058303833
40	0	False	0.069349505
41	0	False	0.05108535
42	0	False	0.055160742
43	0	False	0.052084137
44	0	False	0.044768564
45	0	False	0.04635515
46	0	False	0.040619083
47	0	False	0.058011606
48	0	False	0.05676752
49	0	False	0.05824962
50	0	False	0.054574672
51	0	False	0.043798953
52	0	False	0.07155577
53	0	False	0.06115629
54	0	False	0.055896357
55	0	False	0.06546139
56	0	False	0.06610488
57	0	False	0.08765248
58	0	False	0.06881323
59	0	False	0.070069
60	0	False	0.07125695
61	0	False	0.08986458
62	0	False	0.09586845
63	0	False	0.09398977
64	0	False	0.10860182
65	0	False	0.19884099
66	0	True	0.29614776
67	0	False	0.19162388
68	0	True	0.50209147
69	1	True	0.8956026
70	1	True	0.71235716
71	1	True	0.9115422
72	1	True	0.6463633
73	1	True	0.5825253
74	0	True	0.26953226
75	0	False	0.10239175
76	0	False	0.11831453
77	0	False	0.09305441
78	0	False	0.08971636
79	0	False	0.06514926
80	0	False	0.056361824
81	0	False	0.06067318
82	0	False	0.074057244
83	0	False	0.077030696
84	0	False	0.07038256
85	0	False	0.10383587
86	0	False	0.050048254
87	0	False	0.056449316
88	0	False	0.05399366
89	0	False	0.055266146
90	0	False	0.057408806
91	0	False	0.046530887
92	0	False	0.055688094
93	0	False	0.053167306
94	0	False	0.05534882
95	0	False	0.057434563
96	0	False	0.05892643
97	0	False	0.051198754
98	0	False	0.060034733
99	0	False	0.0638341
100	0	False	0.13610975
101	0	False	0.07526635
102	0	False	0.065592974
103	0	False	0.054574545
104	0	False	0.052894045
105	0	False	0.05849863
106	0	False	0.05716149
107	0	False	0.06153923
108	0	False	0.059551477
109	0	False	0.06539224
110	0	False	0.06473347
111	0	False	0.06760671
112	0	False	0.049142618
113	0	False	0.055940498
114	0	False	0.06812724
115	0	False	0.05344325
116	0	False	0.048868295
117	0	False	0.06295266
118	0	False	0.058057517
119	0	False	0.057264544
120	0	False	0.05425221
121	0	False	0.0590922
122	0	False	0.05570648
123	0	False	0.055121016
124	0	False	0.0625
125	0	False	0.057557285
126	0	False	0.05770371
127	0	False	0.05267025
128	0	False	0.058595948
129	1	True	0.74563646
130	1	True	0.6569548
131	1	True	0.6568118
132	1	True	0.6065872
133	1	True	0.39609706
134	1	True	0.26391932
135	1	True	0.6501568
136	1	True	0.8685259
137	1	True	0.8626585
138	1	True	0.40269867
139	1	True	0.4938432
140	1	True	0.82585484
141	0	False	0.039564185
142	0	False	0.04182752
143	0	False	0.038797792
144	0	False	0.038311455
145	0	False	0.041014995
146	0	False	0.037556868
147	0	False	0.04366729
148	0	False	0.04421758
149	0	False	0.044116553
150	0	False	0.042600278
151	0	False	0.042920887
152	0	False	0.04710227
153	0	False	0.039519623
154	0	False	0.041161798
155	0	False	0.043209624
156	0	False	0.040799253
157	0	False	0.045922317
158	0	False	0.052137777
159	0	False	0.05290069
160	0	False	0.04578201
161	0	False	0.04939994
162	0	False	0.060391422
163	0	False	0.06600501
164	0	False	0.044615507
165	0	False	0.05007447
166	0	False	0.04985896
167	0	False	0.041914865
168	0	False	0.045348585
169	0	False	0.039599314
170	0	False	0.05524272
171	0	False	0.043255404
172	0	False	0.04503131
173	0	False	0.047283534
174	0	False	0.050489787
175	0	False	0.051682603
176	0	False	0.051598065
177	0	False	0.040404476
178	0	False	0.042581875
179	0	False	0.04618541
180	0	False	0.045341607
181	0	False	0.10400769
182	0	False	0.081754774
183	0	False	0.060965452
184	0	False	0.06305257
185	0	False	0.05527513
186	0	False	0.064815536
187	0	False	0.11329687
188	0	False	0.14107616
189	0	False	0.07337351
190	0	False	0.2366595
191	0	True	0.28539532
192	0	False	0.21590456
193	0	True	0.26443812
194	0	False	0.232477
195	0	True	0.3061363
196	0	True	0.39992562
197	0	True	0.40882948
198	0	True	0.4139717
199	0	True	0.385085
200	0	True	0.30301288
201	0	True	0.4392416
202	0	True	0.37738252
203	0	False	0.1620768
204	0	False	0.20852251
205	0	False	0.1215149
206	0	False	0.080325246
207	0	False	0.10855264
208	0	False	0.11614217
209	0	False	0.08604767
210	0	False	0.06668079
211	0	False	0.072229885
212	0	False	0.09070001
213	0	False	0.057139177
214	0	False	0.062361043
215	0	False	0.07221921
216	0	False	0.043188564
217	0	False	0.044587705
218	0	False	0.06875318
219	0	False	0.050861508
220	0	False	0.0477449
221	0	False	0.05207972
222	0	False	0.06458442
223	0	False	0.05964669
224	0	False	0.05843527
225	0	False	0.05225979
226	0	False	0.046898674
227	0	False	0.04820121
228	0	False	0.042662613
229	0	False	0.046173617
230	0	False	0.041488215
231	0	False	0.044010796
232	0	False	0.035603374
233	0	False	0.040695813
234	0	False	0.041206587
235	0	False	0.042271093
236	0	False	0.040877514
237	0	False	0.04530249
238	0	False	0.0426609
239	0	False	0.04714217
240	0	False	0.030602023
241	0	False	0.030563658
242	0	False	0.03284337
243	0	False	0.034250807
244	0	False	0.03459049
245	0	False	0.03308231
246	0	False	0.0353691
247	0	False	0.03448093
248	0	False	0.034159876
249	0	False	0.033288386
250	0	False	0.034689922
251	0	False	0.03621942
252	0	False	0.031975146
253	0	False	0.031758945
254	0	False	0.034629047
255	0	False	0.032680977
256	0	False	0.03774288
257	0	False	0.042102523
258	0	False	0.044698674
259	0	False	0.03597425
260	0	False	0.03913981
261	0	False	0.04319758
262	0	False	0.047017045
263	0	False	0.03428396
264	0	False	0.037221286
265	0	False	0.036259
266	0	False	0.03514618
267	0	False	0.034630116
268	0	False	0.055666544
269	0	False	0.037165005
270	0	False	0.041528735
271	0	False	0.037906352
272	0	False	0.03936368
273	0	False	0.040765584
274	0	False	0.043716144
275	0	False	0.033013526
276	0	False	0.039419852
277	0	False	0.040398866
278	0	False	0.037496503
279	0	False	0.06901591
280	0	False	0.058133498
281	0	False	0.082171805
282	0	False	0.07702898
283	0	False	0.11731263
284	0	True	0.28119162
285	0	True	0.403109
286	0	True	0.30177388
287	0	False	0.16140145
288	0	False	0.20715158
289	0	True	0.2538695
290	0	False	0.18346833
291	0	False	0.16386344
292	1	False	0.12332962
293	1	False	0.23329452
294	1	False	0.12303224
295	0	False	0.074609786
296	0	False	0.052280437
297	0	False	0.09648091
298	0	False	0.13867319
299	0	False	0.08314624
300	0	False	0.057741012
301	0	False	0.08168791
302	0	False	0.09433134
303	0	False	0.064473696
304	0	False	0.046426173
305	0	False	0.051297043
306	0	False	0.06773205
307	0	False	0.046149187
308	0	False	0.048788324
309	0	False	0.053040024
310	0	False	0.033155456
311	0	False	0.033618264
312	0	False	0.050039925
313	0	False	0.043778386
314	0	False	0.038203977
315	0	False	0.039064765
316	0	False	0.047368918
317	0	False	0.045993682
318	0	False	0.04215543
319	0	False	0.038805723
320	0	False	0.037210405
321	0	False	0.035350896
322	0	False	0.034678098
323	0	False	0.03437514
324	0	False	0.034617316
325	0	False	0.035713125
326	0	False	0.028393487
327	0	False	0.034153968
328	0	False	0.031333722
329	0	False	0.031902604
330	0	False	0.03329698
331	0	False	0.035940498
332	0	False	0.033362165
333	0	False	0.03550276
334	0	False	0.021198288
335	0	False	0.02193605
336	0	False	0.021867773
337	0	False	0.022589492
338	0	False	0.023303062
339	0	False	0.02369907
340	0	False	0.022614224
341	0	False	0.022047171
342	0	False	0.023190804
343	0	False	0.024030343
344	0	False	0.025217101
345	0	False	0.034005918
346	0	False	0.024819296
347	0	False	0.026685858
348	0	False	0.025099324
349	0	False	0.022995548
350	0	False	0.025667518
351	0	False	0.030585477
352	0	False	0.026354177
353	0	False	0.031369645
354	0	False	0.029059313
355	0	False	0.031358007
356	0	False	0.03138517
357	0	False	0.024885723
358	0	False	0.025521116
359	0	False	0.025935467
360	0	False	0.024156481
361	0	False	0.023741797
362	0	False	0.022481535
363	0	False	0.03174718
364	0	False	0.023273386
365	0	False	0.028311228
366	0	False	0.027206663
367	0	False	0.026728256
368	0	False	0.025883153
369	0	False	0.028116945
370	0	False	0.021983294
371	0	False	0.022706797
372	0	False	0.029537719
373	0	False	0.026855035
374	0	False	0.04016488
375	0	False	0.036038782
376	0	False	0.025022246
377	0	False	0.024962671
378	0	False	0.028480398
379	0	False	0.036312286
380	0	False	0.062034052
381	0	False	0.06480485
382	0	False	0.04253458
383	0	False	0.054145835
384	0	False	0.05372401
385	0	False	0.056885388
386	0	False	0.063830554
387	0	False	0.05829602
388	0	False	0.06428409
389	0	False	0.08333985
390	0	False	0.10869792
391	0	False	0.06770434
392	0	False	0.063278966
393	0	False	0.06352867
394	0	False	0.14717968
395	0	False	0.06399066
396	0	False	0.043833233
397	0	False	0.06404622
398	0	False	0.045853026
399	0	False	0.077667594
400	0	False	0.10671928
401	0	False	0.0759941
402	0	False	0.061019946
403	0	False	0.08117201
404	0	False	0.087385416
405	0	False	0.06614509
406	0	False	0.085911065
407	0	False	0.08508039
408	0	False	0.14131987
409	0	False	0.08442663
410	0	False	0.11633139
411	0	True	0.51539564
412	0	True	0.3989122
413	0	True	0.4459716
414	0	True	0.63333535
415	0	True	0.6764323
416	0	True	0.46774876
417	0	False	0.10334865
418	0	False	0.042468525
419	0	False	0.04570509
420	0	False	0.040361963
421	0	False	0.03696114
422	0	False	0.033652578
423	0	False	0.029737294
424	0	False	0.033888806
425	0	False	0.026467856
426	0	False	0.026445197
427	0	False	0.027037354
428	0	False	0.026508776
429	0	False	0.026007915
430	0	False	0.022086388
431	0	False	0.025559839
432	0	False	0.05167295
433	0	False	0.056451913
434	0	False	0.04899987
435	0	False	0.04899789
436	0	False	0.056948904
437	0	False	0.05427978
438	0	False	0.06489623
439	0	False	0.054773003
440	0	False	0.056012034
441	0	False	0.051467855
442	0	False	0.05517258
443	0	False	0.06245201
444	0	False	0.046492603
445	0	False	0.04748367
446	0	False	0.050770853
447	0	False	0.05119675
448	0	False	0.050950248
449	0	False	0.058831092
450	0	False	0.06552679
451	0	False	0.05820431
452	0	False	0.060983263
453	0	False	0.06306289
454	0	False	0.06595937
455	0	False	0.056050763
456	0	False	0.060613923
457	0	False	0.05698617
458	0	False	0.051864166
459	0	False	0.07419343
460	0	False	0.05960955
461	0	False	0.05673907
462	0	False	0.06802349
463	0	False	0.059143703
464	0	False	0.06639162
465	0	False	0.073198505
466	0	False	0.05687954
467	0	False	0.05919761
468	0	False	0.06539186
469	0	False	0.062131107
470	0	False	0.12765376
471	0	False	0.110065505
472	0	False	0.0899748
473	0	False	0.085722156
474	0	False	0.08544142
475	0	False	0.12875944
476	0	False	0.14745757
477	0	False	0.24100348
478	0	True	0.30271417
479	0	True	0.5394648
480	0	True	0.63292766
481	0	True	0.5221953
482	1	True	0.7289984
483	1	True	0.8465967
484	1	True	0.68364745
485	0	False	0.24150632
486	0	False	0.14372306
487	0	False	0.18440665
488	0	True	0.2559091
489	0	False	0.16317348
490	0	False	0.08895052
491	0	False	0.11817705
492	0	False	0.13826287
493	0	False	0.105504565
494	0	False	0.07905755
495	0	False	0.088371865
496	0	False	0.12680878
497	0	False	0.08361613
498	0	False	0.09333209
499	0	False	0.10020977
500	0	False	0.06493489
501	0	False	0.062995486
502	0	False	0.081543185
503	0	False	0.06522043
504	0	False	0.05968331
505	0	False	0.062113028
506	0	False	0.081260234
507	0	False	0.079668224
508	0	False	0.07736636
509	0	False	0.056323025
510	0	False	0.050367467
511	0	False	0.0503231
512	0	False	0.050988667
513	0	False	0.05384402
514	0	False	0.05224097
515	0	False	0.0535658
516	0	False	0.044838876
517	0	False	0.05504693
518	0	False	0.05591424
519	0	False	0.057935588
520	0	False	0.056804433
521	0	False	0.06495923
522	0	False	0.055916794
523	0	False	0.064743534
524	1	True	0.2696878
525	1	True	0.72488344
526	1	True	0.7288911
527	1	False	0.24202484
528	1	False	0.16943091
529	1	True	0.6251045
530	1	True	0.755173
531	1	True	0.6642431
532	1	True	0.31276712
533	0	False	0.032666065
534	0	False	0.03704796
535	0	False	0.026364885
536	0	False	0.031427234
537	0	False	0.036394168
538	0	False	0.03966651
539	0	False	0.06850376
540	0	False	0.070497654
541	0	False	0.035988085
542	0	False	0.051497925
543	0	False	0.05226004
544	0	False	0.042454187
545	0	False	0.04653786
546	0	False	0.069454476
547	0	False	0.12240422
548	0	False	0.058024593
549	0	False	0.07224834
550	0	False	0.08160738
551	0	False	0.07544829
552	0	False	0.093941346
553	0	False	0.16157922
554	0	False	0.06153212
555	0	False	0.06714213
556	0	False	0.08286302
557	0	False	0.0452193
558	0	False	0.046326388
559	0	False	0.047764428
560	0	False	0.048126146
561	0	False	0.039336897
562	0	False	0.05046213
563	0	False	0.051248115
564	0	False	0.046474893
565	0	False	0.04694867
566	0	False	0.041202668
567	0	False	0.039556727
568	0	False	0.049024176
569	0	False	0.043346602
570	0	False	0.047776356
571	0	False	0.04701056
572	0	False	0.034294643
573	0	False	0.036294684
574	0	False	0.03769494
575	0	False	0.051967233
576	0	False	0.030449549
577	0	False	0.04215754
578	0	False	0.030590689
579	0	False	0.03332816
580	0	False	0.03503593
581	0	False	0.038160384
582	0	False	0.035663478
583	0	False	0.032928895
584	0	False	0.032901432
585	0	False	0.030632995
586	0	False	0.04352539
587	0	False	0.060415115
588	0	False	0.03387195
589	0	False	0.042192798
590	0	False	0.04665773
591	0	False	0.038977783
592	0	False	0.055663165
593	0	False	0.05513952
594	0	False	0.04244388
595	0	False	0.04054252
596	0	False	0.04908549
597	0	False	0.03129587
598	0	False	0.03146585
599	0	False	0.030984033
600	0	False	0.031400293
601	0	False	0.036229696
602	0	False	0.032938838
603	0	False	0.034509953
604	0	False	0.033317506
605	0	False	0.03783361
606	0	False	0.03508407
607	0	False	0.032021567
608	0	False	0.028993301
609	0	False	0.029949648
610	0	False	0.0355337
611	0	False	0.027531834
612	0	False	0.03230397
613	0	False	0.0232153
614	0	False	0.035204448
615	0	False	0.05024253
616	0	False	0.037608586
617	0	False	0.04867983
618	0	False	0.055039465
619	0	False	0.04883022
620	0	False	0.10170385
621	0	False	0.09089074
622	0	False	0.05108128
623	0	False	0.057764392
624	0	False	0.056943193
625	0	False	0.052985948
626	0	False	0.056079406
627	0	False	0.057064317
628	0	False	0.06594988
629	0	False	0.06179891
630	0	False	0.062010355
631	0	False	0.07292204
632	0	False	0.058056373
633	0	False	0.0744339
634	0	False	0.101252116
635	0	False	0.06115675
636	0	False	0.061931245
637	0	False	0.07885546
638	0	False	0.061060723
639	0	False	0.061273593
640	0	False	0.06687342
641	0	False	0.077143185
642	0	False	0.07931057
643	0	False	0.07600153
644	0	False	0.06784208
645	0	False	0.087860145
646	0	False	0.061056398
647	0	False	0.062051937
648	0	False	0.10515713
649	0	False	0.121271506
650	0	False	0.13795304
651	0	False	0.084448986
652	0	True	0.36007363
653	0	False	0.1943975
654	0	False	0.056800373
655	0	False	0.06896556
656	0	False	0.063084446
657	0	False	0.07217197
658	0	False	0.054006938
659	0	False	0.0793625
660	0	False	0.07075271
661	0	False	0.064581625
662	0	False	0.054318834
663	0	False	0.054606907
664	0	False	0.073305085
665	0	False	0.10548684
666	0	False	0.0663901
667	0	False	0.06429955
668	0	False	0.07096601
669	0	False	0.066646665
670	0	False	0.10264396
671	0	False	0.09566412
672	0	False	0.060012687
673	0	False	0.07701627
674	0	False	0.08295555
675	0	False	0.04511365
676	0	False	0.05487981
677	0	False	0.042624567
678	0	False	0.0418243
679	0	False	0.053674456
680	0	False	0.053505313
681	0	False	0.044505
682	0	False	0.04958748
683	0	False	0.052688524
684	0	False	0.04923854
685	0	False	0.04325993
686	0	False	0.05011899
687	0	False	0.047475014
688	0	False	0.061767228
689	0	False	0.044296883
690	0	False	0.05101591
691	0	False	0.04264064
692	0	False	0.019926712
693	0	False	0.022010202
694	0	False	0.018325953
695	0	False	0.02012165
696	0	False	0.028061483
697	0	False	0.02264276
698	0	False	0.059616167
699	0	False	0.06780076
700	0	False	0.026030306
701	0	False	0.03791486
702	0	False	0.029616619
703	1	False	0.06571599
704	0	False	0.031427693
705	0	False	0.02931299
706	0	False	0.023244334
707	0	False	0.029252024
708	0	False	0.03727141
709	0	False	0.027516533
710	0	False	0.034834277
711	0	False	0.07064276
712	0	False	0.028605163
713	0	False	0.02986827
714	0	False	0.03972748
715	0	False	0.024167955
716	0	False	0.023834845
717	0	False	0.02225055
718	0	False	0.031591993
719	0	False	0.03011919
720	0	False	0.024012545
721	0	False	0.024151627
722	0	False	0.027626049
723	0	False	0.027146302
724	0	False	0.023403378
725	0	False	0.02534972
726	0	False	0.027380103
727	0	False	0.028173791
728	0	False	0.02648416
729	0	False	0.025586445
730	0	False	0.02156743
731	0	False	0.023203695
732	0	False	0.023898112
733	0	False	0.033540595
734	0	False	0.01674069
735	0	False	0.024513463
736	0	False	0.019946842
737	0	False	0.020357225
738	0	False	0.020932643
739	0	False	0.024743054
740	0	False	0.019726716
741	0	False	0.02103332
742	0	False	0.02023759
743	0	False	0.019650662
744	0	False	0.025651567
745	0	False	0.03518674
746	0	False	0.02332718
747	0	False	0.022517659
748	0	False	0.02936347
749	0	False	0.02667752
750	0	False	0.047235176
751	0	False	0.047376342
752	0	False	0.024465838
753	0	False	0.029475909
754	0	False	0.038564097
755	0	False	0.01948066
756	0	False	0.020542476
757	0	False	0.017953586
758	0	False	0.01819807
759	0	False	0.019873895
760	0	False	0.020611957
761	0	False	0.015443921
762	0	False	0.016780738
763	0	False	0.017797535
764	0	False	0.017710365
765	0	False	0.015713809
766	0	False	0.018390035
767	0	False	0.0152939325
768	0	False	0.020441277
769	0	False	0.014505917
770	0	False	0.019047879
771	0	False	0.015395859
772	0	False	0.013490004
773	0	False	0.017102944
774	0	False	0.01268193
775	0	False	0.014912554
776	0	False	0.018970843
777	0	False	0.014503076
778	0	False	0.035673164
779	0	False	0.034023862
780	0	False	0.013693315
781	0	False	0.014627967
782	0	False	0.015465927
783	0	False	0.01708221
784	0	False	0.018323885
785	0	False	0.020107774
786	0	False	0.01586493
787	0	False	0.01911008
788	0	False	0.021913258
789	0	False	0.02467112
790	0	False	0.02202268
791	0	False	0.026359744
792	0	False	0.06835083
793	0	False	0.028948093
794	0	False	0.035019338
795	0	False	0.026415015
796	0	False	0.030989116
797	0	False	0.034057043
798	0	False	0.028169952
799	0	False	0.03575591
800	0	False	0.033555653
801	0	False	0.03310106
802	0	False	0.040589463
803	0	False	0.03282075
804	0	False	0.16579522
805	0	False	0.19399405
806	1	True	0.32465217
807	1	True	0.40033558
808	0	True	0.2801097
809	0	False	0.16996354
810	0	False	0.032141622
811	0	False	0.03496225
812	0	False	0.036834557
813	0	False	0.034287173
814	0	False	0.014440508
815	0	False	0.019023363
816	0	False	0.016015638
817	0	False	0.019336432
818	0	False	0.016916102
819	0	False	0.022052899
820	0	False	0.01809265
821	0	False	0.019584745
822	0	False	0.014490112
823	0	False	0.019295476
824	0	False	0.01873827
825	0	False	0.044633918
826	0	False	0.017862845
827	0	False	0.017102536
828	0	False	0.025511388
829	0	False	0.02101643
830	0	False	0.033262793
831	0	False	0.032614376
832	0	False	0.020592488
833	0	False	0.020384692
834	0	False	0.023394104
835	0	False	0.011907777
836	0	False	0.016293112
837	0	False	0.013188056
838	0	False	0.013430725
839	0	False	0.01617897
840	0	False	0.014395657
841	0	False	0.013310919
842	0	False	0.015386552
843	0	False	0.016062317
844	0	False	0.015558204
845	0	False	0.01440095
846	0	False	0.021256646
847	0	False	0.015118518
848	0	False	0.022455085
849	0	False	0.015661318
850	0	False	0.015978102
851	0	False	0.014259423
852	0	False	0.04091295
853	0	False	0.042548515
854	0	False	0.039544176
855	0	False	0.048905242
856	0	False	0.060259636
857	0	False	0.104939915
858	0	False	0.04887307
859	0	False	0.050244186
860	0	False	0.06303265
861	0	False	0.056180418
862	0	False	0.060135514
863	0	False	0.09057291
864	0	False	0.08003812
865	0	False	0.08962366
866	0	False	0.18191448
867	0	True	0.282197
868	1	True	0.3618073
869	1	True	0.8102937
870	1	True	0.4862924
871	0	True	0.28032526
872	0	False	0.075939365
873	0	False	0.06490765
874	0	False	0.07878881
875	0	False	0.06828253
876	0	False	0.07885989
877	0	False	0.08102443
878	0	False	0.06093089
879	0	False	0.0796422
880	0	False	0.057657726
881	0	False	0.060298584
882	0	False	0.0654062
883	0	False	0.047748096
884	0	False	0.058074493
885	0	False	0.066965505
886	0	False	0.043262213
887	0	False	0.056203745
888	0	False	0.04036361
889	0	False	0.04472679
890	0	False	0.05202195
891	0	False	0.060950857
892	0	False	0.047785945
893	0	False	0.054731183
894	0	False	0.043348406
895	0	False	0.04667953
896	0	False	0.061221134
897	0	False	0.08451343
898	0	False	0.05063961
899	0	False	0.05807066
900	0	False	0.0671638
901	0	False	0.06896717
902	0	False	0.08532412
903	0	False	0.0703539
904	0	False	0.058418572
905	0	False	0.07374026
906	0	False	0.06955339
907	0	False	0.047033723
908	0	False	0.051242366
909	0	False	0.04427994
910	0	False	0.05322937
911	0	False	0.049985226
912	0	False	0.05202611
913	0	False	0.04964975
914	0	False	0.05791174
915	0	False	0.05532722
916	0	False	0.051565908
917	0	False	0.046351902
918	0	False	0.04321117
919	0	False	0.057028882
920	0	False	0.041804537
921	0	False	0.03532311
922	0	False	0.048752226
923	0	False	0.05751646
924	0	False	0.049105465
925	0	False	0.06335604
926	0	False	0.07428115
927	0	False	0.058576286
928	0	False	0.124865405
929	0	False	0.107803695
930	0	False	0.054447513
931	0	False	0.06444069
932	0	False	0.06542574
933	0	False	0.06425037
934	0	False	0.06494658
935	0	False	0.08525064
936	0	False	0.091416
937	0	False	0.085554056
938	0	False	0.07983738
939	0	False	0.10246017
940	0	False	0.1233719
941	0	False	0.16091253
942	0	False	0.22356184
943	0	False	0.107884005
944	0	False	0.13043475
945	0	False	0.17864186
946	0	False	0.102317974
947	0	False	0.1340421
948	0	False	0.11672731
949	0	False	0.14918941
950	0	False	0.14038149
951	0	False	0.13840497
952	0	False	0.1487681
953	1	False	0.18354076
954	1	True	0.27088037
955	0	True	0.2536364
956	0	True	0.28408435
957	1	True	0.5923812
958	0	False	0.21098568
959	0	False	0.15228048
960	0	False	0.15939778
961	0	False	0.181563
962	0	False	0.09746598
963	0	False	0.118435845
964	0	False	0.08874773
965	0	False	0.10241503
966	0	False	0.07873191
967	0	False	0.13168073
968	0	False	0.098209
969	0	False	0.10336164
970	0	False	0.06690327
971	0	False	0.07172103
972	0	False	0.09069421
973	0	False	0.16526851
974	0	False	0.09510417
975	0	False	0.09104632
976	0	False	0.11472998
977	0	False	0.07214077
978	0	False	0.113824986
979	0	False	0.10963814
980	0	False	0.08240565
981	0	False	0.07994936
982	0	False	0.10349075
983	0	False	0.05291671
984	0	False	0.058238104
985	0	False	0.057117805
986	0	False	0.055400915
987	0	False	0.060564097
988	0	False	0.057708554
989	0	False	0.05376891
990	0	False	0.062057152
991	0	False	0.060050912
992	0	False	0.060051978
993	0	False	0.05539205
994	0	False	0.059619345
995	0	False	0.063309155
996	0	False	0.07225289
997	0	False	0.051503666
998	0	False	0.064981796
999	0	False	0.050065648
1000	0	False	0.024707984
1001	0	False	0.03329741
1002	0	False	0.026562918
1003	0	False	0.030487787
1004	0	False	0.035071947
1005	0	False	0.030873528
1006	0	False	0.07138988
1007	0	False	0.076238915
1008	0	False	0.03285965
1009	0	False	0.03777479
1010	0	False	0.042075925
1011	0	False	0.03934147
1012	0	False	0.03889795
1013	0	False	0.039553087
1014	0	False	0.040931586
1015	0	False	0.040816583
1016	0	False	0.037008915
1017	0	False	0.051685933
1018	0	False	0.040888976
1019	0	False	0.057996776
1020	0	False	0.09467104
1021	0	False	0.04407289
1022	0	False	0.057545133
1023	0	False	0.06691607
1024	0	False	0.039859302
1025	0	False	0.0395322
1026	0	False	0.036209136
1027	0	False	0.05477962
1028	0	False	0.053112008
1029	0	False	0.046191428
1030	0	False	0.043976534
1031	0	False	0.043776594
1032	0	False	0.045045123
1033	0	False	0.03776514
1034	0	False	0.03864856
1035	0	False	0.044772245
1036	0	False	0.04915845
1037	0	False	0.05580103
1038	0	False	0.049839504
1039	0	False	0.042169027
1040	0	False	0.04155134
1041	0	False	0.042150173
1042	0	False	0.095667176
1043	0	False	0.09502947
1044	0	False	0.12588261
1045	0	False	0.0598833
1046	0	False	0.062311534
1047	0	False	0.051305413
1048	0	False	0.060391434
1049	0	False	0.059113957
1050	0	False	0.05586025
1051	0	False	0.046964385
1052	0	False	0.06111372
1053	0	False	0.068367384
1054	0	False	0.20920382
1055	0	False	0.08507015
1056	0	False	0.19434601
1057	1	True	0.54890877
1058	0	False	0.24285011
1059	0	False	0.17875639
1060	0	False	0.068859056
1061	0	False	0.1279282
1062	0	False	0.12495454
1063	0	False	0.07035392
1064	0	False	0.08324741
1065	0	False	0.06179801
1066	0	False	0.059472773
1067	0	False	0.06198241
1068	0	False	0.039435737
1069	0	False	0.03765896
1070	0	False	0.093590125
1071	0	False	0.07718443
1072	0	False	0.051857047
1073	0	False	0.045255423
1074	0	False	0.03820402
1075	0	False	0.037388258
1076	0	False	0.05186215
1077	0	False	0.03863824
1078	0	False	0.042495545
1079	0	False	0.03603864
1080	0	False	0.039754137
1081	0	False	0.05264945
1082	0	False	0.04296978
1083	0	False	0.04178731
1084	0	False	0.057617873
1085	0	False	0.048229974
1086	0	False	0.10826087
1087	0	False	0.10109434
1088	0	False	0.04836321
1089	0	False	0.050126083
1090	0	False	0.055007443
1091	0	False	0.05280577
1092	0	False	0.053661067
1093	0	False	0.0647018
1094	0	False	0.08150426
1095	0	False	0.07948844
1096	0	False	0.088987224
1097	1	False	0.1663847
1098	1	False	0.1482424
1099	1	False	0.23306888
1100	1	True	0.40402794
1101	0	False	0.18767111
1102	0	False	0.2301124
1103	0	False	0.10515027
1104	1	False	0.12213171
1105	0	False	0.09532684
1106	0	False	0.10675201
1107	0	False	0.11540973
1108	0	False	0.11046963
1109	0	False	0.111096516
1110	0	False	0.1000062
1111	0	False	0.06661169
1112	0	False	0.0679078
1113	0	False	0.07308635
1114	0	False	0.06453758
1115	0	False	0.07040588
1116	1	False	0.08041461
1117	0	False	0.06687157
1118	0	False	0.052389674
1119	0	False	0.053461332
1120	0	False	0.055485744
1121	0	False	0.079797715
1122	0	False	0.04519146
1123	0	False	0.06961005
1124	0	False	0.045977984
1125	0	False	0.048768576
1126	0	False	0.04706209
1127	0	False	0.05712965
1128	0	False	0.046837274
1129	0	False	0.048521955
1130	0	False	0.049873438
1131	0	False	0.050107982
1132	0	False	0.06278292
1133	0	False	0.08637848
1134	0	False	0.056258634
1135	0	False	0.059389587
1136	0	False	0.06814342
1137	0	False	0.061957665
1138	0	False	0.10329598
1139	0	False	0.08953216
1140	0	False	0.055059794
1141	0	False	0.069370925
1142	0	False	0.08286327
1143	0	False	0.039824378
1144	0	False	0.050003152
1145	0	False	0.041877035
1146	0	False	0.039932705
1147	0	False	0.047830682
1148	0	False	0.049280502
1149	0	False	0.048345204
1150	0	False	0.049109884
1151	0	False	0.055464957
1152	0	False	0.0527706
1153	0	False	0.049174044
1154	0	False	0.05156999
1155	0	False	0.04520246
1156	0	False	0.06472062
1157	0	False	0.04199931
1158	0	False	0.04832346
1159	0	False	0.038343374
1160	0	False	0.02266422
1161	0	False	0.0329935
1162	0	False	0.023646763
1163	0	False	0.029754464
1164	0	False	0.038430054
1165	0	False	0.028756926
1166	0	False	0.06784304
1167	0	False	0.06643934
1168	0	False	0.02968578
1169	0	False	0.033213302
1170	0	False	0.038735006
1171	0	False	0.033687383
1172	0	False	0.037391897
1173	0	False	0.035031177
1174	0	False	0.041903082
1175	0	False	0.03672207
1176	0	False	0.041301962
1177	0	False	0.05182224
1178	0	False	0.040407635
1179	0	False	0.051466946
1180	0	False	0.0670013
1181	0	False	0.03662631
1182	0	False	0.046353728
1183	0	False	0.053341657
1184	0	False	0.03651483
1185	0	False	0.039946742
1186	0	False	0.039962735
1187	0	False	0.0483467
1188	0	False	0.04134586
1189	0	False	0.040980272
1190	0	False	0.041107565
1191	0	False	0.041254107
1192	0	False	0.068962455
1193	0	False	0.044074968
1194	0	False	0.04736342
1195	0	False	0.06545822
1196	0	False	0.07393812
1197	1	False	0.09995199
1198	0	False	0.06879205
1199	0	False	0.045999825
1200	0	False	0.12353425
1201	0	False	0.12951334
1202	0	False	0.15921368
1203	0	False	0.046756458
1204	0	False	0.05946604
1205	0	False	0.049936485
1206	0	False	0.04809923
1207	0	False	0.041390926
1208	0	False	0.05699887
1209	0	False	0.04262108
1210	0	False	0.037127424
1211	0	False	0.0348605
1212	0	False	0.030631283
1213	0	False	0.045733564
1214	0	False	0.07485881
1215	0	False	0.043675993
1216	0	False	0.038725313
1217	0	False	0.05458947
1218	0	False	0.047926262
1219	0	False	0.074160635
1220	0	False	0.062662594
1221	0	False	0.0420447
1222	0	False	0.057059225
1223	0	False	0.056853533
1224	0	False	0.029090151
1225	0	False	0.033580344
1226	0	False	0.028915405
1227	0	False	0.028364902
1228	0	False	0.029810086
1229	0	False	0.030347148
1230	0	False	0.027599292
1231	0	False	0.034032885
1232	0	False	0.034714103
1233	0	False	0.03205666
1234	0	False	0.027438173
1235	0	False	0.0337697
1236	0	False	0.031684447
1237	0	False	0.04068375
1238	0	False	0.029232811
1239	0	False	0.03628748
1240	0	False	0.027287712
1241	0	False	0.03029796
1242	0	False	0.029896613
1243	0	False	0.024068478
1244	0	False	0.024944324
1245	0	False	0.02966963
1246	0	False	0.032946005
1247	0	False	0.051918626
1248	0	False	0.05487935
1249	0	False	0.03219395
1250	0	False	0.039684717
1251	0	False	0.03930831
1252	0	False	0.039909925
1253	0	False	0.042473763
1254	0	False	0.047458574
1255	0	False	0.055712424
1256	0	False	0.057060324
1257	0	False	0.06202143
1258	0	False	0.092338875
1259	0	False	0.079903156
1260	0	False	0.097450584
1261	0	False	0.18156673
1262	0	False	0.075326785
1263	0	False	0.09936173
1264	0	False	0.20446415
1265	0	False	0.17153975
1266	0	False	0.1377825
1267	0	False	0.08417387
1268	0	False	0.069347896
1269	0	False	0.06926843
1270	0	False	0.075544424
1271	0	False	0.059696496
1272	0	False	0.059205856
1273	0	False	0.042635266
1274	0	False	0.041533474
1275	0	False	0.056335952
1276	0	False	0.048286237
1277	0	False	0.053717718
1278	0	False	0.04926025
1279	0	False	0.035855416
1280	0	False	0.042546276
1281	0	False	0.044176657
1282	0	False	0.054603472
1283	0	False	0.029260663
1284	0	False	0.03730496
1285	0	False	0.025577934
1286	0	False	0.0282223
1287	0	False	0.034786776
1288	0	False	0.038046017
1289	0	False	0.030558554
1290	0	False	0.027330026
1291	0	False	0.02861664
1292	0	False	0.027304135
1293	0	False	0.03288441
1294	0	False	0.05127125
1295	0	False	0.032077033
1296	0	False	0.031707454
1297	0	False	0.04467181
1298	0	False	0.035836637
1299	0	False	0.05401191
1300	0	False	0.046895478
1301	0	False	0.034001663
1302	0	False	0.034435224
1303	0	False	0.035586856
1304	0	False	0.02215935
1305	0	False	0.03021435
1306	0	False	0.03161544
1307	0	False	0.031129077
1308	0	False	0.031109108
1309	0	False	0.029567309
1310	0	False	0.029192574
1311	0	False	0.027688462
1312	0	False	0.03314333
1313	0	False	0.033379093
1314	0	False	0.031060828
1315	0	False	0.026219934
1316	0	False	0.024022745
1317	0	False	0.03366832
1318	0	False	0.025953688
1319	0	False	0.0278729
1320	0	False	0.02385262
1321	0	False	0.016318453
1322	0	False	0.020089015
1323	0	False	0.015815163
1324	0	False	0.019894864
1325	0	False	0.022194533
1326	0	False	0.022580627
1327	0	False	0.050400283
1328	0	False	0.071214914
1329	0	False	0.020225968
1330	0	False	0.034673207
1331	0	False	0.03061376
1332	0	False	0.13884161
1333	0	False	0.08755298
1334	0	False	0.023726031
1335	0	False	0.023486197
1336	0	False	0.019567432
1337	0	False	0.023749584
1338	0	False	0.028742533
1339	0	False	0.023323027
1340	0	False	0.031053247
1341	0	False	0.062446624
1342	0	False	0.026846157
1343	0	False	0.030491944
1344	0	False	0.03002504
1345	0	False	0.024778126
1346	0	False	0.019124761
1347	0	False	0.026668314
1348	0	False	0.025580382
1349	0	False	0.024136925
1350	0	False	0.02257052
1351	0	False	0.026143722
1352	0	False	0.02003242
1353	0	False	0.020002961
1354	0	False	0.023281729
1355	0	False	0.023176858
1356	0	False	0.027632084
1357	0	False	0.023754522
1358	0	False	0.020270234
1359	0	False	0.019191246
1360	0	False	0.016487464
1361	0	False	0.03249994
1362	0	False	0.013479957
1363	0	False	0.01840067
1364	0	False	0.015530186
1365	0	False	0.017805457
1366	0	False	0.015828341
1367	0	False	0.019414878
1368	0	False	0.014973676
1369	0	False	0.017376162
1370	0	False	0.015535822
1371	0	False	0.01696401
1372	0	False	0.018171558
1373	0	False	0.03517194
1374	0	False	0.017032165
1375	0	False	0.016484542
1376	0	False	0.02704685
1377	0	False	0.020528775
1378	0	False	0.040107675
1379	0	False	0.038338423
1380	0	False	0.023928817
1381	0	False	0.024489097
1382	0	False	0.031353135
1383	0	False	0.014869194
1384	0	False	0.015511553
1385	0	False	0.013304249
1386	0	False	0.014005035
1387	0	False	0.015453682
1388	0	False	0.012663143
1389	0	False	0.013057069
1390	0	False	0.013253031
1391	0	False	0.014132262
1392	0	False	0.014218703
1393	0	False	0.0122624645
1394	0	False	0.014804571
1395	0	False	0.011906885
1396	0	False	0.015731778
1397	0	False	0.011931667
1398	0	False	0.014686573
1399	0	False	0.013964677
1400	1	True	0.87362796
1401	0	False	0.016839214
1402	0	False	0.016002936
1403	0	False	0.022139091
1404	0	False	0.060459036
1405	0	False	0.023483796
1406	0	False	0.023891026
1407	0	False	0.015780251
1408	0	False	0.015200444
1409	0	False	0.017835645
1410	0	False	0.018224712
1411	0	False	0.016630989
1412	0	False	0.024958448
1413	0	False	0.019010445
1414	0	False	0.018217914
1415	0	False	0.043735504
1416	0	False	0.034059074
1417	0	False	0.038959756
1418	0	False	0.017791051
1419	0	False	0.017639017
1420	0	False	0.017779974
1421	0	False	0.018405119
1422	0	False	0.02382196
1423	0	False	0.019700523
1424	0	False	0.019983092
1425	0	False	0.03276386
1426	0	False	0.023974154
1427	0	False	0.020585887
1428	0	False	0.01585483
1429	0	False	0.014673675
1430	0	False	0.01507808
1431	0	False	0.018571196
1432	0	False	0.026761562
1433	0	False	0.015180848
1434	0	False	0.016760215
1435	0	False	0.024428356
1436	0	False	0.025110938
1437	0	False	0.021021148
1438	0	False	0.01715875
1439	0	False	0.017896725
1440	0	False	0.036300924
1441	0	False	0.024974106
1442	0	False	0.029917663
1443	0	False	0.023857744
1444	0	False	0.022996282
1445	0	False	0.013942167
1446	0	False	0.024242302
1447	0	False	0.018624328
1448	0	False	0.017189683
1449	0	False	0.017975844
1450	0	False	0.013505307
1451	0	False	0.02474184
1452	0	False	0.019884106
1453	0	False	0.035383124
1454	0	False	0.020458328
1455	0	False	0.025352152
1456	0	False	0.030918028
1457	0	False	0.039290182
1458	0	False	0.019631175
1459	0	False	0.01924457
1460	0	False	0.031223536
1461	0	False	0.023458332
1462	0	False	0.025575496
1463	0	False	0.02833616
1464	0	False	0.033550642
1465	0	False	0.02122741
1466	0	False	0.023215316
1467	0	False	0.020472905
1468	0	False	0.023629282
1469	0	False	0.028875079
1470	0	False	0.026099691
1471	0	False	0.023165854
1472	0	False	0.033982564
1473	0	False	0.034184277
1474	0	False	0.04278755
1475	0	False	0.039524775
1476	0	False	0.044892896
1477	0	True	0.25047034
1478	0	False	0.06355394
1479	0	False	0.13731249
1480	0	False	0.2339443
1481	0	False	0.030253496
1482	0	False	0.04011298
1483	0	False	0.06070191
1484	0	False	0.034155462
1485	0	False	0.063275866
1486	0	False	0.10867594
1487	0	True	0.2640958
1488	0	False	0.13338497
1489	0	False	0.07538219
1490	0	False	0.06607049
1491	0	False	0.06591159
1492	0	False	0.039179746
1493	0	False	0.037685502
1494	0	False	0.04068846
1495	0	False	0.025354885
1496	0	False	0.022802154
1497	0	False	0.02251653
1498	0	False	0.028581172
1499	0	False	0.019392068
1500	0	False	0.020451358
1501	0	False	0.021295812
1502	0	False	0.021594761
1503	0	False	0.021309726
1504	0	False	0.017204648
1505	0	False	0.022559505
1506	0	False	0.024006287
1507	0	False	0.019965433
1508	0	False	0.022265218
1509	0	False	0.02261697
1510	0	False	0.02549318
1511	0	False	0.037516695
1512	0	False	0.034373935
1513	0	False	0.029217597
1514	0	False	0.018647496
1515	0	False	0.01850493
1516	0	False	0.020209467
1517	0	False	0.018036766
1518	0	False	0.016574748
1519	0	False	0.022997059
1520	0	False	0.019305255
1521	0	False	0.018049827
1522	0	False	0.018769175
1523	0	False	0.018019479
1524	0	False	0.021167329
1525	0	False	0.018089797
1526	0	False	0.018730609
1527	0	False	0.017361283
1528	0	False	0.020569334
1529	0	False	0.020271689
1530	0	False	0.021639468
1531	0	False	0.032988366
1532	0	False	0.023995599
1533	0	False	0.025058199
1534	0	False	0.028129619
1535	0	False	0.06353184
1536	0	False	0.031846337
1537	0	False	0.030635057
1538	0	False	0.023480369
1539	0	False	0.02033014
1540	0	False	0.022656394
1541	0	False	0.031665813
1542	0	False	0.022037037
1543	0	False	0.027762448
1544	0	False	0.024632506
1545	0	False	0.025097493
1546	0	False	0.049014058
1547	0	False	0.0315356
1548	0	False	0.037635595
1549	0	False	0.022247184
1550	0	False	0.019809976
1551	0	False	0.020405008
1552	0	False	0.024446176
1553	0	False	0.02528885
1554	0	False	0.021479946
1555	0	False	0.023845604
1556	0	False	0.037102614
1557	0	False	0.026569374
1558	0	False	0.025427345
1559	0	False	0.020259153
1560	0	False	0.018253405
1561	0	False	0.017923487
1562	0	False	0.022217838
1563	0	False	0.028860012
1564	0	False	0.01842834
1565	0	False	0.022950374
1566	0	False	0.029906236
1567	0	False	0.028184472
1568	0	False	0.022059014
1569	0	False	0.022070197
1570	0	False	0.04794526
1571	0	False	0.030554092
1572	0	False	0.034551915
1573	0	False	0.029586527
1574	0	False	0.028652338
1575	0	False	0.041083846
1576	0	False	0.025168573
1577	0	False	0.02400225
1578	0	False	0.023932265
1579	0	False	0.020509508
1580	0	False	0.03495589
1581	0	False	0.030000554
1582	0	False	0.046983138
1583	0	False	0.033682905
1584	0	False	0.04774567
1585	0	False	0.04248055
1586	0	False	0.04784463
1587	0	False	0.040955663
1588	0	False	0.038176864
1589	0	False	0.087356016
1590	0	False	0.060237445
1591	0	False	0.05774691
1592	1	False	0.21751787
1593	0	False	0.20776384
1594	0	False	0.09577778
1595	0	False	0.11788749
1596	0	False	0.11322319
1597	0	False	0.057510514
1598	0	False	0.044099987
1599	0	False	0.039104074
1600	0	False	0.037778106
1601	0	False	0.048273016
1602	0	False	0.042801
1603	0	False	0.05264587
1604	0	False	0.1390495
1605	0	False	0.053144686
1606	0	False	0.1043772
1607	0	False	0.13691558
1608	0	False	0.03076092
1609	0	False	0.03508416
1610	0	False	0.050873302
1611	0	False	0.043740965
1612	0	False	0.035148688
1613	0	False	0.02453961
1614	0	False	0.03230079
1615	0	False	0.03999834
1616	0	False	0.0639171
1617	0	False	0.049418055
1618	0	False	0.036967997
1619	0	False	0.03621422
1620	0	False	0.039604746
1621	0	False	0.029011302
1622	0	False	0.03230017
1623	0	False	0.039075483
1624	0	False	0.027665408
1625	0	False	0.022364954
1626	0	False	0.025031433
1627	0	False	0.026410514
1628	0	False	0.02536283
1629	0	False	0.024191981
1630	0	False	0.025811234
1631	0	False	0.027178356
1632	0	False	0.025703728
1633	0	False	0.025660047
1634	0	False	0.027677417
1635	0	False	0.02424191
1636	0	False	0.02621648
1637	0	False	0.027032567
1638	0	False	0.029597187
1639	0	False	0.040760912
1640	0	False	0.035977624
1641	0	False	0.031136487
1642	0	False	0.024452362
1643	0	False	0.023181472
1644	0	False	0.024627494
1645	0	False	0.022006398
1646	0	False	0.021240665
1647	0	False	0.02620194
1648	0	False	0.024038836
1649	0	False	0.023050204
1650	0	False	0.023302268
1651	0	False	0.023425741
1652	0	False	0.02768518
1653	0	False	0.024378167
1654	0	False	0.025940256
1655	0	False	0.023968088
1656	0	False	0.02920984
1657	0	False	0.026705142
1658	0	False	0.027115945
1659	0	False	0.036331836
1660	0	False	0.050344232
1661	0	False	0.052097995
1662	0	False	0.07296092
1663	0	False	0.14147796
1664	0	False	0.06159232
1665	0	False	0.06811628
1666	0	False	0.050422646
1667	0	False	0.047492232
1668	0	False	0.052048057
1669	0	False	0.05899303
1670	0	False	0.05675017
1671	0	False	0.07409291
1672	0	False	0.060490124
1673	0	False	0.060293414
1674	0	False	0.10472031
1675	0	False	0.090379246
1676	0	False	0.10316508
1677	0	False	0.052265935
1678	0	False	0.053310398
1679	0	False	0.05757119
1680	0	False	0.057452094
1681	0	False	0.060621947
1682	0	False	0.058077484
1683	0	False	0.058211315
1684	0	False	0.08666771
1685	0	False	0.06714752
1686	0	False	0.06813102
1687	0	False	0.051128257
1688	0	False	0.04698998
1689	0	False	0.049793262
1690	0	False	0.052834507
1691	0	False	0.07273013
1692	0	False	0.045435376
1693	0	False	0.04942911
1694	0	False	0.07032029
1695	0	False	0.07274972
1696	0	False	0.060186986
1697	0	False	0.05670975
1698	0	False	0.08536506
1699	0	False	0.059006225
1700	0	False	0.077771604
1701	0	False	0.060896896
1702	0	False	0.07529833
1703	0	False	0.059297316
1704	0	False	0.045752212
1705	0	False	0.06856826
1706	0	False	0.05160687
1707	0	False	0.043531682
1708	0	False	0.046606176
1709	0	False	0.043827258
1710	0	False	0.057304494
1711	0	False	0.05635195
1712	0	False	0.089389294
1713	0	False	0.064776614
1714	0	False	0.08176317
1715	0	False	0.08206258
1716	0	False	0.107576676
1717	0	False	0.057482645
1718	0	False	0.055281445
1719	0	False	0.070623964
1720	0	False	0.06565912
1721	0	False	0.080526
1722	0	False	0.08630826
1723	0	False	0.08156097
1724	0	False	0.058316927
1725	0	False	0.053334326
1726	0	False	0.053897716
1727	0	False	0.057885263
1728	0	False	0.10327178
1729	0	False	0.0674572
1730	0	False	0.059343867
1731	0	False	0.07852304
1732	0	False	0.08600038
1733	0	False	0.10833984
1734	0	False	0.100921646
1735	0	False	0.09115036
1736	0	True	0.44890958
1737	0	False	0.19610922
1738	0	True	0.32976487
1739	1	True	0.4439299
1740	0	False	0.099552535
1741	0	False	0.12482263
1742	0	False	0.11437011
1743	0	False	0.09048462
1744	0	False	0.1894505
1745	0	False	0.164384
1746	0	True	0.27123964
1747	1	True	0.7396042
1748	1	True	0.7844756
1749	0	True	0.6185271
1750	1	True	0.5543328
1751	0	True	0.44178572
1752	0	False	0.12835708
1753	0	False	0.12695868
1754	0	False	0.11702734
1755	0	False	0.08059913
1756	0	False	0.06436457
1757	0	False	0.06578423
1758	0	False	0.07507452
1759	0	False	0.06438269
1760	0	False	0.060848907
1761	0	False	0.06352359
1762	0	False	0.061623596
1763	0	False	0.059371527
1764	0	False	0.062644064
1765	0	False	0.06933461
1766	0	False	0.057234056
1767	0	False	0.065326735
1768	0	False	0.06226989
1769	0	False	0.08181702
1770	0	False	0.097428545
1771	0	False	0.10445096
1772	0	False	0.09579027
1773	0	False	0.05488934
1774	0	False	0.053308893
1775	0	False	0.060037855
1776	0	False	0.056642577
1777	0	False	0.050113726
1778	0	False	0.05755394
1779	0	False	0.053862657
1780	0	False	0.0504649
1781	0	False	0.052070297
1782	0	False	0.048862975
1783	0	False	0.053486336
1784	0	False	0.05889987
1785	0	False	0.05833281
1786	0	False	0.054999497
1787	0	False	0.05999088
1788	0	False	0.060727436
1789	0	False	0.06299756
1790	0	False	0.08709872
1791	0	False	0.019696357
1792	0	False	0.018786808
1793	0	False	0.026626764
1794	0	False	0.056401175
1795	0	False	0.02564576
1796	0	False	0.027435869
1797	0	False	0.022806058
1798	0	False	0.0193795
1799	0	False	0.020561593
1800	0	False	0.025930354
1801	0	False	0.025041856
1802	0	False	0.022728553
1803	0	False	0.020972228
1804	0	False	0.04227976
1805	0	False	0.035834577
1806	0	False	0.035910234
1807	0	False	0.022602333
1808	0	False	0.021572577
1809	0	False	0.022714257
1810	0	False	0.024971815
1811	0	False	0.025242101
1812	0	False	0.020472636
1813	0	False	0.020947058
1814	0	False	0.03758642
1815	0	False	0.028737646
1816	0	False	0.020168835
1817	0	False	0.019536413
1818	0	False	0.017326785
1819	0	False	0.017939115
1820	0	False	0.018683681
1821	0	False	0.02668049
1822	0	False	0.026543608
1823	0	False	0.029283298
1824	0	False	0.027223043
1825	0	False	0.025532158
1826	0	False	0.025307817
1827	0	False	0.08127889
1828	0	False	0.04827914
1829	0	False	0.0578648
1830	0	False	0.0429028
1831	0	False	0.05170142
1832	0	False	0.06342659
1833	0	False	0.046802957
1834	0	False	0.06575882
1835	0	False	0.0612417
1836	0	False	0.054969855
1837	0	False	0.06161565
1838	0	False	0.09793002
1839	1	False	0.09865518
1840	0	False	0.12638178
1841	0	False	0.19692394
1842	0	False	0.17525938
1843	0	False	0.14614433
1844	1	False	0.20729662
1845	0	False	0.16150044
1846	0	False	0.061057493
1847	0	False	0.06106179
1848	0	False	0.05032367
1849	0	False	0.03796233
1850	0	False	0.035451602
1851	0	False	0.03698455
1852	0	False	0.03584847
1853	0	False	0.060326006
1854	0	False	0.041587263
1855	0	False	0.03728301
1856	0	False	0.040913995
1857	0	False	0.036638904
1858	0	False	0.047981
1859	0	False	0.041123968
1860	0	False	0.03847785
1861	0	False	0.106228836
1862	0	False	0.039671753
1863	0	False	0.0708063
1864	0	False	0.098297656
1865	0	False	0.02931419
1866	0	False	0.031705674
1867	0	False	0.03392817
1868	0	False	0.02576236
1869	0	False	0.029202405
1870	0	False	0.024136407
1871	0	False	0.030803803
1872	0	False	0.035099763
1873	0	False	0.056348473
1874	0	False	0.037210487
1875	0	False	0.028718423
1876	0	False	0.03213434
1877	0	False	0.03739064
1878	0	False	0.025614187
1879	0	False	0.024846274
1880	0	False	0.035602342
1881	0	False	0.022411777
1882	0	False	0.01905565
1883	0	False	0.021994548
1884	0	False	0.025648987
1885	0	False	0.024292111
1886	0	False	0.023262626
1887	0	False	0.021292549
1888	0	False	0.02234055
1889	0	False	0.020430643
1890	0	False	0.025211364
1891	0	False	0.02780463
1892	0	False	0.020387601
1893	0	False	0.022714285
1894	0	False	0.026581774
1895	0	False	0.02936203
1896	0	False	0.036964823
1897	0	False	0.033484817
1898	0	False	0.031779114
1899	0	False	0.02703612
1900	0	False	0.02091715
1901	0	False	0.023565816
1902	0	False	0.022563027
1903	0	False	0.022197006
1904	0	False	0.03058055
1905	0	False	0.02295273
1906	0	False	0.02285514
1907	0	False	0.024411902
1908	0	False	0.024208223
1909	0	False	0.021835063
1910	0	False	0.023406556
1911	0	False	0.020619914
1912	0	False	0.021793524
1913	0	False	0.021239871
1914	0	False	0.023116034
1915	0	False	0.033181626
1916	0	False	0.039931584
1917	0	False	0.043277845
1918	0	False	0.05149391
1919	0	False	0.095856294
1920	0	False	0.04964904
1921	0	False	0.0539112
1922	0	False	0.037650537
1923	0	False	0.038290538
1924	0	False	0.04466049
1925	0	False	0.05512447
1926	0	False	0.042455606
1927	0	False	0.056329984
1928	0	False	0.0480005
1929	0	False	0.047779668
1930	0	False	0.075356916
1931	0	False	0.06842849
1932	0	False	0.07754595
1933	0	False	0.04309081
1934	0	False	0.042940803
1935	0	False	0.049965292
1936	0	False	0.04962325
1937	0	False	0.051519647
1938	0	False	0.041633062
1939	0	False	0.04772201
1940	0	False	0.07155491
1941	0	False	0.05530658
1942	0	False	0.047924012
1943	0	False	0.036244392
1944	0	False	0.034665488
1945	0	False	0.038804192
1946	0	False	0.04356962
1947	0	False	0.05509137
1948	0	False	0.035945892
1949	0	False	0.042866778
1950	0	False	0.06121273
1951	0	False	0.052752323
1952	0	False	0.047498338
1953	0	False	0.041844167
1954	0	False	0.06913293
1955	0	False	0.043470416
1956	0	False	0.06348705
1957	0	False	0.047539182
1958	0	False	0.04658769
1959	0	False	0.038728323
1960	0	False	0.034135513
1961	0	False	0.051370215
1962	0	False	0.039907616
1963	0	False	0.03802903
1964	0	False	0.035637766
1965	0	False	0.035367057
1966	0	False	0.043220162
1967	0	False	0.036439307
1968	0	False	0.0673035
1969	0	False	0.04739495
1970	0	False	0.058453463
1971	0	False	0.05334489
1972	0	False	0.066691026
1973	0	False	0.042158153
1974	0	False	0.039500996
1975	0	False	0.04599357
1976	0	False	0.0434583
1977	0	False	0.044689633
1978	0	False	0.046923414
1979	0	False	0.06325585
1980	0	False	0.043613844
1981	0	False	0.042939235
1982	0	False	0.03775172
1983	0	False	0.05216804
1984	0	False	0.07571663
1985	0	False	0.06444819
1986	0	False	0.046893347
1987	0	False	0.05808694
1988	0	False	0.05481664
1989	0	False	0.09115756
1990	0	False	0.071690336
1991	0	False	0.070124686
1992	0	True	0.25012836
1993	0	False	0.101451546
1994	0	False	0.19500141
1995	1	True	0.37797317
1996	0	False	0.20505604
1997	0	True	0.2886302
1998	0	True	0.643706
1999	0	True	0.4265676
2000	0	False	0.086518355
2001	0	False	0.04814771
2002	0	False	0.06479341
2003	0	False	0.08284423
2004	0	False	0.12751661
2005	0	False	0.087184675
2006	0	False	0.06694865
2007	0	False	0.05724425
2008	0	False	0.081397004
2009	0	False	0.0508469
2010	0	False	0.047528982
2011	0	False	0.061161827
2012	0	False	0.044106934
2013	0	False	0.042859532
2014	0	False	0.039754238
2015	0	False	0.04300387
2016	0	False	0.039635327
2017	0	False	0.040058844
2018	0	False	0.04718916
2019	0	False	0.048507016
2020	0	False	0.04087342
2021	0	False	0.04497786
2022	0	False	0.053289056
2023	0	False	0.042828966
2024	0	False	0.050877795
2025	0	False	0.042102832
2026	0	False	0.054988474
2027	0	False	0.061971128
2028	0	False	0.057859965
2029	0	False	0.056676473
2030	0	False	0.04592175
2031	0	False	0.041193474
2032	0	False	0.042015035
2033	0	False	0.042959444
2034	0	False	0.035871122
2035	0	False	0.05035287
2036	0	False	0.03890436
2037	0	False	0.03658427
2038	0	False	0.039659612
2039	0	False	0.037584785
2040	0	False	0.045369253
2041	0	False	0.041520614
2042	0	False	0.04473222
2043	0	False	0.04022639
2044	0	False	0.050482035
2045	0	False	0.047699112
2046	0	False	0.044634204
2047	0	False	0.07515567
2048	0	False	0.0325077
2049	0	False	0.042310167
2050	0	False	0.09660158
2051	0	False	0.04242457
2052	0	False	0.041725006
2053	0	False	0.03587405
2054	0	False	0.03303575
2055	0	False	0.036334276
2056	0	False	0.038902435
2057	0	False	0.03887269
2058	0	False	0.039067585
2059	0	False	0.035777282
2060	0	False	0.06681846
2061	0	False	0.056041643
2062	0	False	0.05774691
2063	0	False	0.036534864
2064	0	False	0.03621711
2065	0	False	0.038915925
2066	0	False	0.041976158
2067	0	False	0.04251504
2068	0	False	0.03276409
2069	0	False	0.035748113
2070	0	False	0.051943205
2071	0	False	0.0450199
2072	0	False	0.038477797
2073	0	False	0.026427384
2074	0	False	0.027269872
2075	0	False	0.031317573
2076	0	False	0.03375201
2077	0	False	0.044883326
2078	0	False	0.034339834
2079	0	False	0.04438366
2080	0	False	0.040852748
2081	0	False	0.036215935
2082	0	False	0.031892423
2083	0	False	0.063302144
2084	0	False	0.039543018
2085	0	False	0.051124472
2086	0	False	0.03899936
2087	0	False	0.04086017
2088	0	False	0.05271531
2089	0	False	0.033306636
2090	0	False	0.028547905
2091	0	False	0.03354381
2092	0	False	0.033478398
2093	0	False	0.044191133
2094	0	False	0.036413807
2095	0	False	0.06213956
2096	0	False	0.044998717
2097	0	False	0.050891485
2098	0	False	0.048997156
2099	0	False	0.06622681
2100	0	False	0.05150142
2101	0	False	0.045975365
2102	0	False	0.046653476
2103	0	False	0.061871257
2104	0	False	0.06957324
2105	0	False	0.04835144
2106	0	False	0.05195753
2107	0	False	0.041965794
2108	0	False	0.06518605
2109	0	False	0.1021575
2110	0	False	0.10702741
2111	0	False	0.082587175
2112	0	False	0.11893458
2113	0	False	0.18660218
2114	0	True	0.30485108
2115	0	True	0.2773122
2116	0	True	0.32280686
2117	0	False	0.10322013
2118	0	False	0.13564001
2119	0	False	0.10308526
2120	0	False	0.07238341
2121	0	False	0.045915194
2122	0	False	0.12690014
2123	0	False	0.19407217
2124	0	False	0.14416601
2125	0	False	0.098980345
2126	0	False	0.08406462
2127	0	False	0.11529536
2128	0	False	0.06026565
2129	0	False	0.056339033
2130	0	False	0.0501951
2131	0	False	0.036547422
2132	0	False	0.036940403
2133	0	False	0.0346984
2134	0	False	0.037403736
2135	0	False	0.034900524
2136	0	False	0.03705195
2137	0	False	0.033781044
2138	0	False	0.03766431
2139	0	False	0.037990253
2140	0	False	0.041230403
2141	0	False	0.035479918
2142	0	False	0.037492752
2143	0	False	0.04120443
2144	0	False	0.045259275
2145	0	False	0.051049106
2146	0	False	0.059476748
2147	0	False	0.049498547
2148	0	False	0.038592454
2149	0	False	0.034407474
2150	0	False	0.04183449
2151	0	False	0.03990542
2152	0	False	0.039290473
2153	0	False	0.036096517
2154	0	False	0.033898164
2155	0	False	0.034057286
2156	0	False	0.039367083
2157	0	False	0.035670143
2158	0	False	0.035318334
2159	0	False	0.033253685
2160	0	False	0.03766958
2161	0	False	0.039390795
2162	0	False	0.039220892
2163	0	False	0.049952265
2164	1	False	0.033107907
2165	1	True	0.5099232
2166	0	False	0.03780771
2167	0	False	0.039253168
2168	0	False	0.035972994
2169	0	False	0.036203556
2170	0	False	0.032042354
2171	0	False	0.036018778
2172	0	False	0.036246814
2173	0	False	0.036776543
2174	0	False	0.03863356
2175	0	False	0.037306476
2176	0	False	0.03715598
2177	0	False	0.03519904
2178	0	False	0.034217928
2179	0	False	0.04514742
2180	0	False	0.030878644
2181	0	False	0.038852636
2182	0	False	0.05607047
2183	0	False	0.034913197
2184	0	False	0.036077846
2185	0	False	0.03808449
2186	0	False	0.038567163
2187	0	False	0.039428446
2188	0	False	0.033004623
2189	0	False	0.035641827
2190	0	False	0.034310404
2191	0	False	0.03517533
2192	0	False	0.032752693
2193	0	False	0.0350095
2194	0	False	0.030328501
2195	0	False	0.03209271
2196	0	False	0.03317551
2197	0	False	0.035604887
2198	0	False	0.03333504
2199	0	False	0.036514714
2200	0	False	0.048483945
2201	0	False	0.046375394
2202	0	False	0.091145895
2203	0	False	0.04057073
2204	0	False	0.054399464
2205	0	False	0.04248321
2206	0	False	0.035562083
2207	0	False	0.04595869
2208	0	False	0.048606273
2209	0	False	0.044974092
2210	0	False	0.04272209
2211	0	False	0.046274725
2212	0	False	0.055776566
2213	0	False	0.070515566
2214	0	False	0.042663798
2215	0	False	0.054394316
2216	0	False	0.047966097
2217	0	False	0.048022546
2218	0	False	0.037746638
2219	0	False	0.04449253
2220	0	False	0.07234366
2221	0	False	0.047371045
2222	0	False	0.04544647
2223	0	False	0.048650414
2224	0	False	0.042570356
2225	0	False	0.049596965
2226	0	False	0.04673967
2227	0	False	0.040735714
2228	0	False	0.04148376
2229	0	False	0.04593872
2230	0	False	0.06329888
2231	0	False	0.051593095
2232	0	False	0.05330341
2233	0	False	0.068242714
2234	0	False	0.06865006
2235	0	False	0.07074344
2236	0	False	0.064206176
2237	0	False	0.0788659
2238	0	False	0.05426785
2239	0	False	0.086957596
2240	0	False	0.08171526
2241	0	False	0.05582628
2242	0	False	0.056203216
2243	0	False	0.072799034
2244	0	False	0.07442057
2245	0	False	0.102061614
2246	0	False	0.09915667
2247	0	True	0.55792725
2248	0	False	0.15104881
2249	0	False	0.20009969
2250	0	True	0.31600845
2251	0	False	0.23513216
2252	0	False	0.13959135
2253	0	False	0.1265313
2254	0	False	0.086577
2255	0	False	0.049636677
2256	0	False	0.07970564
2257	0	False	0.07745121
2258	0	False	0.06558463
2259	0	False	0.053618316
2260	0	False	0.049653966
2261	0	False	0.04739809
2262	0	False	0.06671234
2263	0	False	0.054638326
2264	0	False	0.040083993
2265	0	False	0.058418743
2266	0	False	0.05151332
2267	0	False	0.044462997
2268	0	False	0.11464636
2269	0	False	0.05246448
2270	0	False	0.04696177
2271	0	False	0.04459446
2272	0	False	0.045093253
2273	0	False	0.057125833
2274	0	False	0.050455954
2275	0	False	0.045989748
2276	0	False	0.044094775
2277	0	False	0.0442292
2278	0	False	0.047476415
2279	0	False	0.041323215
2280	0	False	0.059392404
2281	0	False	0.04666837
2282	0	False	0.051815424
2283	0	False	0.04911317
2284	0	False	0.05156346
2285	0	False	0.044965256
2286	0	False	0.04030533
2287	0	False	0.046922207
2288	0	False	0.042827804
2289	0	False	0.041734103
2290	0	False	0.046256408
2291	0	False	0.039388884
2292	0	False	0.043874472
2293	0	False	0.043307472
2294	0	False	0.036397554
2295	0	False	0.040799953
2296	0	False	0.031813882
2297	0	False	0.033934396
2298	0	False	0.037545763
2299	0	False	0.03862925
2300	0	False	0.03617975
2301	0	False	0.035641998
2302	0	False	0.04101761
2303	0	False	0.040020127
2304	0	False	0.018070705
2305	0	False	0.020420339
2306	0	False	0.016859522
2307	0	False	0.019358162
2308	0	False	0.0152243255
2309	0	False	0.01726045
2310	0	False	0.018190064
2311	0	False	0.01991003
2312	0	False	0.01895906
2313	0	False	0.019584509
2314	0	False	0.018312015
2315	0	False	0.019303568
2316	0	False	0.015884582
2317	0	False	0.02274946
2318	0	False	0.014616852
2319	0	False	0.020674208
2320	0	False	0.028298756
2321	0	False	0.016109493
2322	0	False	0.016426137
2323	0	False	0.019192403
2324	0	False	0.022228157
2325	0	False	0.016649926
2326	0	False	0.017012864
2327	0	False	0.018646657
2328	0	False	0.017414337
2329	0	False	0.01949094
2330	0	False	0.017791828
2331	0	False	0.015733462
2332	0	False	0.017863322
2333	0	False	0.017107833
2334	0	False	0.017056115
2335	0	False	0.016488686
2336	0	False	0.015881063
2337	0	False	0.017615657
2338	0	False	0.023064496
2339	0	False	0.027387224
2340	0	False	0.07168167
2341	0	False	0.01636065
2342	0	False	0.028283589
2343	0	False	0.017478233
2344	0	False	0.021086529
2345	0	False	0.02268881
2346	0	False	0.023241496
2347	0	False	0.02249166
2348	0	False	0.018280106
2349	0	False	0.020730916
2350	0	False	0.028601527
2351	0	False	0.03134554
2352	0	False	0.02078478
2353	0	False	0.020239878
2354	0	False	0.018325027
2355	0	False	0.023028998
2356	0	False	0.015181527
2357	0	False	0.02032813
2358	0	False	0.017913964
2359	0	False	0.027778858
2360	0	False	0.019032797
2361	0	False	0.023213584
2362	0	False	0.029331483
2363	0	False	0.027357126
2364	0	False	0.02633033
2365	0	False	0.026758196
2366	0	False	0.021990327
2367	0	False	0.02290358
2368	0	False	0.02891724
2369	0	False	0.039902262
2370	0	False	0.033472497
2371	0	False	0.024614336
2372	0	False	0.039826136
2373	0	False	0.044709586
2374	0	False	0.067851275
2375	0	False	0.03125467
2376	0	False	0.03907788
2377	0	False	0.035973202
2378	0	False	0.062622584
2379	0	False	0.035766006
2380	0	False	0.021708108
2381	0	False	0.021860015
2382	0	False	0.023948194
2383	0	False	0.02712103
2384	0	False	0.024212064
2385	0	False	0.02350185
2386	0	False	0.040139668
2387	0	False	0.047956403
2388	0	False	0.029352546
2389	0	False	0.042649917
2390	0	False	0.03606039
2391	0	False	0.04697464
2392	1	False	0.052788194
2393	0	False	0.18854137
2394	1	False	0.10603054
2395	0	True	0.35427192
2396	0	True	0.25936574
2397	0	False	0.14284167
2398	0	False	0.07094296
2399	0	False	0.05902394
2400	0	False	0.059912782
2401	0	False	0.11291438
2402	0	False	0.0442521
2403	0	False	0.04608435
2404	0	False	0.046991985
2405	0	False	0.05923359
2406	0	False	0.04705423
2407	0	False	0.15183517
2408	0	False	0.02644564
2409	0	False	0.023256462
2410	0	False	0.032726284
2411	0	False	0.030325277
2412	0	False	0.039182827
2413	0	False	0.038553324
2414	0	False	0.032230508
2415	0	False	0.031344846
2416	0	False	0.028804937
2417	0	False	0.02013312
2418	0	False	0.017000811
2419	0	False	0.02574719
2420	0	False	0.02446342
2421	0	False	0.026866077
2422	0	False	0.02406247
2423	0	False	0.02760347
2424	0	False	0.023920767
2425	0	False	0.020195534
2426	0	False	0.024715096
2427	0	False	0.026328415
2428	0	False	0.028856099
2429	0	False	0.027144212
2430	0	False	0.031289037
2431	0	False	0.033493564
2432	0	False	0.024643717
2433	0	False	0.025990956
2434	0	False	0.018861813
2435	0	False	0.023164766
2436	0	False	0.015465055
2437	0	False	0.02035781
2438	0	False	0.022072041
2439	0	False	0.021069095
2440	0	False	0.023804344
2441	0	False	0.024097254
2442	0	False	0.018425059
2443	0	False	0.03280758
2444	0	False	0.018439535
2445	0	False	0.016182968
2446	0	False	0.01677295
2447	0	False	0.015596607
2448	0	False	0.016434975
2449	0	False	0.014635682
2450	0	False	0.016303213
2451	0	False	0.015702993
2452	0	False	0.016389105
2453	0	False	0.017811678
2454	0	False	0.01906197
2455	0	False	0.014747544
2456	0	False	0.017269948
2457	0	False	0.019213837
2458	0	False	0.01671123
2459	0	False	0.018465593
2460	0	False	0.027156334
2461	0	False	0.01724529
2462	0	False	0.028112326
2463	0	False	0.021449042
2464	0	False	0.019451348
2465	0	False	0.01805621
2466	0	False	0.02729308
2467	0	False	0.018495986
2468	0	False	0.018868504
2469	0	False	0.016616615
2470	0	False	0.016659101
2471	0	False	0.016645586
2472	0	False	0.020055672
2473	0	False	0.018169908
2474	0	False	0.030429136
2475	0	False	0.032079194
2476	0	False	0.105568826
2477	0	False	0.028565712
2478	0	False	0.022580933
2479	0	False	0.028427914
2480	0	False	0.021973284
2481	0	False	0.020641916
2482	0	False	0.018919572
2483	0	False	0.022699593
2484	0	False	0.020343022
2485	0	False	0.045858584
2486	0	False	0.04946503
2487	0	False	0.036424976
2488	0	False	0.027376825
2489	0	False	0.019920668
2490	0	False	0.02874985
2491	0	False	0.032067418
2492	0	False	0.024869714
2493	0	False	0.16766128
2494	0	True	0.27027085
2495	0	False	0.022591902
2496	0	False	0.027018394
2497	0	False	0.026184965
2498	0	False	0.025040569
2499	0	False	0.02628682
2500	0	False	0.038131278
2501	0	False	0.01626975
2502	0	False	0.023166459
2503	0	False	0.018993307
2504	0	False	0.029834153
2505	0	False	0.019083368
2506	0	False	0.01805901
2507	0	False	0.023623176
2508	0	False	0.019904885
2509	0	False	0.02120847
2510	0	False	0.017562125
2511	0	False	0.022988603
2512	0	False	0.021490676
2513	0	False	0.019588487
2514	0	False	0.023903307
2515	0	False	0.019686332
2516	0	False	0.023165796
2517	0	False	0.018400101
2518	0	False	0.018995795
2519	0	False	0.016575858
2520	0	False	0.017018095
2521	0	False	0.018110162
2522	0	False	0.01785868
2523	0	False	0.016790072
2524	0	False	0.03642748
2525	0	False	0.017539227
2526	0	False	0.018046083
2527	0	False	0.018905032
2528	0	False	0.075237095
2529	0	False	0.015611932
2530	0	False	0.015152073
2531	0	False	0.019151239
2532	0	False	0.015797012
2533	0	False	0.019408016
2534	0	False	0.018994112
2535	0	False	0.018249923
2536	0	False	0.017819498
2537	0	False	0.0140816625
2538	0	False	0.014428467
2539	0	False	0.01706819
2540	0	False	0.0163278
2541	0	False	0.016384548
2542	0	False	0.014477908
2543	0	False	0.019656768
2544	0	False	0.013642654
2545	0	False	0.014113076
2546	0	False	0.015655806
2547	0	False	0.018304305
2548	0	False	0.016263716
2549	0	False	0.016093811
2550	0	False	0.015309366
2551	0	False	0.015992645
2552	0	False	0.0151569275
2553	0	False	0.017562693
2554	0	False	0.016801387
2555	0	False	0.025097499
2556	0	False	0.023947453
2557	0	False	0.021592766
2558	0	False	0.022059653
2559	0	False	0.023321493
2560	0	False	0.023085294
2561	0	False	0.02417052
2562	0	False	0.024823114
2563	0	False	0.025346637
2564	0	False	0.026150297
2565	0	False	0.026101995
2566	0	False	0.023166567
2567	0	False	0.021446304
2568	0	False	0.03285282
2569	0	False	0.024612688
2570	0	False	0.03279707
2571	0	False	0.042715803
2572	0	False	0.02544595
2573	0	False	0.026873132
2574	0	False	0.032709043
2575	0	False	0.03331293
2576	0	False	0.03145585
2577	0	False	0.03332359
2578	0	False	0.030532943
2579	0	False	0.029386548
2580	0	False	0.032036457
2581	0	False	0.027626632
2582	0	False	0.027285188
2583	0	False	0.02826946
2584	0	False	0.029333727
2585	0	False	0.026641067
2586	0	False	0.031286046
2587	0	False	0.03135477
2588	0	False	0.03152407
2589	0	False	0.05267535
2590	0	False	0.050605524
2591	0	False	0.12168012
2592	0	False	0.03409111
2593	1	False	0.052093484
2594	0	False	0.03089852
2595	0	False	0.04079372
2596	0	False	0.04618056
2597	0	False	0.052084796
2598	0	False	0.044832002
2599	0	False	0.047417257
2600	0	False	0.05432141
2601	0	False	0.06728954
2602	0	False	0.07004761
2603	0	False	0.05085894
2604	0	False	0.041967224
2605	0	False	0.032977674
2606	0	False	0.04945876
2607	0	False	0.046088
2608	0	False	0.0502468
2609	0	False	0.20325314
2610	0	False	0.040938336
2611	0	False	0.037567608
2612	0	False	0.04296337
2613	0	False	0.0627991
2614	0	False	0.054935604
2615	0	False	0.049869824
2616	0	False	0.03579348
2617	0	False	0.04244135
2618	0	False	0.03689972
2619	0	False	0.04844618
2620	0	False	0.0381064
2621	0	False	0.034089755
2622	0	False	0.029704746
2623	0	False	0.031389683
2624	0	False	0.04574762
2625	0	False	0.029778583
2626	0	False	0.03458862
2627	0	False	0.032292586
2628	0	False	0.07144042
2629	0	False	0.038981974
2630	0	False	0.03252529
2631	0	False	0.032750353
2632	0	False	0.034534797
2633	0	False	0.029888317
2634	0	False	0.031939767
2635	0	False	0.029615523
2636	0	False	0.030496996
2637	0	False	0.025655344
2638	0	False	0.024611417
2639	0	False	0.03246402
2640	0	False	0.02579639
2641	0	False	0.02452991
2642	0	False	0.0310688
2643	0	False	0.03785363
2644	0	False	0.030366462
2645	0	False	0.030802656
2646	0	False	0.027120411
2647	0	False	0.028280593
2648	0	False	0.026599675
2649	0	False	0.029822811
2650	0	False	0.028203893
2651	0	False	0.025051363
2652	0	False	0.04588626
2653	0	False	0.026562303
2654	0	False	0.024165463
2655	0	False	0.026281768
2656	0	False	0.032134112
2657	0	False	0.026015515
2658	0	False	0.076637104
2659	0	False	0.024636757
2660	0	False	0.021135489
2661	0	False	0.021921948
2662	0	False	0.023271235
2663	0	False	0.02872037
2664	0	False	0.026048016
2665	0	False	0.02527628
2666	0	False	0.022767387
2667	0	False	0.023181155
2668	0	False	0.02213691
2669	0	False	0.02017632
2670	0	False	0.024849376
2671	0	False	0.02523121
2672	0	False	0.028444188
2673	0	False	0.02462613
2674	0	False	0.02693546
2675	0	False	0.027068889
2676	0	False	0.019679109
2677	0	False	0.020945786
2678	0	False	0.02642542
2679	0	False	0.02307614
2680	0	False	0.021947281
2681	0	False	0.03003659
2682	0	False	0.024255872
2683	0	False	0.024225311
2684	0	False	0.024812024
2685	0	False	0.019290835
2686	0	False	0.024264902
2687	0	False	0.019509172
2688	0	False	0.022806238
2689	0	False	0.02280481
2690	0	False	0.024225311
2691	0	False	0.022122988
2692	0	False	0.021433845
2693	0	False	0.025489915
2694	0	False	0.024065142
2695	0	False	0.020930117
2696	0	False	0.021123758
2697	0	False	0.01457175
2698	0	False	0.0115654785
2699	0	False	0.013031372
2700	0	False	0.01854892
2701	0	False	0.032949578
2702	0	False	0.018982232
2703	0	False	0.019527605
2704	0	False	0.016639905
2705	0	False	0.01634738
2706	0	False	0.024466306
2707	0	False	0.015566408
2708	0	False	0.015641792
2709	0	False	0.110774964
2710	0	False	0.20624965
2711	0	False	0.08817726
2712	0	False	0.033290908
2713	0	False	0.027428612
2714	0	False	0.04222479
2715	0	False	0.023720663
2716	0	False	0.021458823
2717	0	False	0.018265296
2718	0	False	0.017431006
2719	0	False	0.016865388
2720	0	False	0.015680736
2721	0	False	0.012859559
2722	0	False	0.018514005
2723	0	False	0.017987562
2724	0	False	0.014864445
2725	0	False	0.016771173
2726	0	False	0.012180901
2727	0	False	0.015532788
2728	0	False	0.026127085
2729	0	False	0.027193546
2730	0	False	0.058377393
2731	0	False	0.011822381
2732	0	False	0.019552901
2733	0	False	0.019709935
2734	0	False	0.016991386
2735	0	False	0.017402714
2736	0	False	0.020263603
2737	0	False	0.018313065
2738	0	False	0.016289445
2739	0	False	0.017880186
2740	0	False	0.024020374
2741	0	False	0.02488569
2742	0	False	0.017683765
2743	0	False	0.01415747
2744	0	False	0.01316252
2745	0	False	0.017839521
2746	0	False	0.012492693
2747	0	False	0.016199253
2748	0	False	0.017842053
2749	0	False	0.012163534
2750	0	False	0.012677716
2751	0	False	0.013802958
2752	0	False	0.012350488
2753	0	False	0.013017794
2754	0	False	0.010432156
2755	0	False	0.012031636
2756	0	False	0.013782408
2757	0	False	0.015946845
2758	0	False	0.012588558
2759	0	False	0.012556327
2760	0	False	0.013481751
2761	0	False	0.013077866
2762	0	False	0.012193146
2763	0	False	0.010798026
2764	0	False	0.013832827
2765	0	False	0.012998797
2766	0	False	0.020312672
2767	0	False	0.011472576
2768	0	False	0.011664664
2769	0	False	0.011786282
2770	0	False	0.012076896
2771	0	False	0.010696204
2772	0	False	0.011527731
2773	0	False	0.011929267
2774	0	False	0.010878422
2775	0	False	0.011057524
2776	0	False	0.013886627
2777	0	False	0.018543996
2778	0	False	0.015449221
2779	0	False	0.010248312
2780	0	False	0.013908832
2781	0	False	0.014738443
2782	0	False	0.012774609
2783	0	False	0.012001334
2784	0	False	0.010848694
2785	0	False	0.011672958
2786	0	False	0.0121002095
2787	0	False	0.0133061465
2788	0	False	0.011126398
2789	0	False	0.022692062
2790	0	False	0.010681753
2791	0	False	0.011744856
2792	0	False	0.014182302
2793	0	False	0.011496612
2794	0	False	0.035370898
2795	0	False	0.011100547
2796	0	False	0.01089584
2797	0	False	0.011029179
2798	0	False	0.012931673
2799	0	False	0.013898267
2800	0	False	0.012895733
2801	0	False	0.011880171
2802	0	False	0.010379646
2803	0	False	0.011056382
2804	0	False	0.011298733
2805	0	False	0.009917447
2806	0	False	0.012956629
2807	0	False	0.012219207
2808	0	False	0.013605277
2809	0	False	0.012529991
2810	0	False	0.0135513535
2811	0	False	0.012178589
2812	0	False	0.010316242
2813	0	False	0.012037346
2814	0	False	0.012833249
2815	0	False	0.012161083
2816	0	False	0.014166451
2817	0	False	0.012696322
2818	0	False	0.0131505085
2819	0	False	0.013079971
2820	0	False	0.009361442
2821	0	False	0.0120267235
2822	0	False	0.009068461
2823	0	False	0.01166296
2824	0	False	0.012859189
2825	0	False	0.0131505085
2826	0	False	0.015214735
2827	0	False	0.013262052
2828	0	False	0.011240887
2829	1	True	0.72360843
2830	1	True	0.8533033
2831	1	True	0.51312053
2832	1	False	0.046959274
2833	1	True	0.7638188
2834	0	False	0.12833813
2835	0	False	0.17627212
2836	0	False	0.13533075
2837	0	True	0.33793932
2838	0	True	0.33793932
2839	0	True	0.51005995
2840	0	True	0.5520001
2841	0	True	0.4145503
2842	0	True	0.42437944
2843	0	True	0.42437944
2844	0	False	0.20225337
2845	0	False	0.23278137
2846	0	False	0.16416238
2847	0	False	0.13910991
2848	0	False	0.17539458
2849	0	False	0.17630121
2850	0	False	0.18738098
2851	0	True	0.2511202
2852	0	True	0.2728999
2853	0	False	0.22450678
2854	0	False	0.22450678
2855	0	False	0.22530083
2856	0	False	0.22797108
2857	0	False	0.15760222
2858	0	False	0.22210652
2859	0	False	0.21851908
2860	0	True	0.27080905
2861	0	True	0.36850795
2862	0	True	0.36850795
2863	0	True	0.39687723
2864	0	True	0.46551344
2865	0	True	0.50663775
2866	1	True	0.6734191
2867	0	False	0.20546333
2868	0	False	0.17286457
2869	0	False	0.2236122
2870	0	True	0.30779025
2871	0	True	0.30779025
2872	0	True	0.30284813
2873	0	True	0.30284813
2874	0	True	0.2572615
2875	0	True	0.24812718
2876	0	True	0.26811737
2877	0	True	0.24841197
2878	0	True	0.24841197
2879	0	False	0.15129663
2880	0	False	0.23916078
2881	0	False	0.2213303
2882	0	False	0.2213303
2883	0	False	0.19187683
2884	0	False	0.19187683
2885	1	False	0.23956598
2886	1	True	0.36271718
2887	1	True	0.32202932
2888	0	False	0.15965283
2889	0	False	0.15312688
2890	0	False	0.1417361
2891	0	False	0.13838162
2892	0	False	0.195533
2893	0	False	0.24783394
2894	0	False	0.22000045
2895	0	False	0.18260345
2896	0	False	0.2190874
2897	0	True	0.24815683
2898	0	False	0.21610321
2899	0	False	0.12096822
2900	0	True	0.36117536
2901	0	False	0.1988487
2902	0	False	0.20854497
2903	0	False	0.19376352
2904	0	False	0.22319658
2905	0	False	0.17077744
2906	0	False	0.19574372
2907	0	False	0.20841424
2908	0	False	0.21240166
2909	0	False	0.22100171
2910	0	True	0.29010457
2911	0	True	0.25922212
2912	0	False	0.16178307
2913	0	True	0.2560833
2914	0	True	0.2560833
2915	0	False	0.1929064
2916	0	False	0.19120675
2917	0	False	0.19120675
2918	0	False	0.13632053
2919	0	False	0.19136918
2920	0	False	0.14742069
2921	0	False	0.14742069
2922	0	False	0.15639219
2923	0	False	0.14250454
2924	0	False	0.13089137
2925	0	True	0.49336243
2926	0	False	0.14615951
2927	0	False	0.14615951
2928	0	False	0.14634635
2929	0	False	0.08466178
2930	0	False	0.14223033
2931	0	False	0.13193773
2932	0	False	0.13707097
2933	0	False	0.11233334
2934	0	False	0.11009059
2935	0	False	0.1423163
2936	0	False	0.12833284
2937	0	False	0.15402304
2938	0	False	0.15232901
2939	0	False	0.15232901
2940	0	False	0.10984277
2941	0	False	0.1938184
2942	0	False	0.08039982
2943	0	False	0.13817558
2944	0	False	0.14743748
2945	0	False	0.14743748
2946	0	False	0.12640142
2947	0	False	0.07548706
2948	0	False	0.0800917
2949	0	False	0.1002239
2950	0	False	0.106065445
2951	0	False	0.07197346
2952	0	False	0.062339526
2953	0	False	0.100177616
2954	0	False	0.100177616
2955	0	False	0.06421563
2956	0	False	0.06421563
2957	0	False	0.08887916
2958	0	False	0.08887916
2959	0	False	0.08887916
2960	0	False	0.077067435
2961	0	False	0.088823535
2962	0	False	0.057754822
2963	0	False	0.073007084
2964	0	False	0.06935034
2965	0	False	0.082217164
2966	0	False	0.082895674
2967	0	False	0.07842616
2968	0	False	0.07567008
2969	0	False	0.072318494
2970	0	False	0.060722146
2971	0	False	0.055646546
2972	0	False	0.07198392
2973	0	False	0.084971756
2974	0	False	0.081183515
2975	0	False	0.081183515
2976	0	False	0.06449044
2977	0	False	0.09096498
2978	0	False	0.0822445
2979	0	False	0.08140348
2980	0	False	0.08654827
2981	0	False	0.07369464
2982	0	False	0.08311791
2983	0	False	0.20477152
2984	0	False	0.20477152
2985	0	False	0.11505047
2986	0	False	0.11505047
2987	0	False	0.11460303
2988	0	False	0.08064487
2989	0	False	0.10452164
2990	0	False	0.10450798
2991	1	False	0.12077686
2992	0	False	0.1398412
2993	0	False	0.115149625
2994	0	False	0.099835835
2995	0	False	0.099835835
2996	0	False	0.10860478
2997	0	False	0.11682832
2998	0	False	0.12830225
2999	0	False	0.12830225
3000	0	False	0.13713917
3001	0	False	0.17039105
3002	0	False	0.17338568
3003	1	False	0.24785808
3004	1	False	0.18511283
3005	1	True	0.29105687
3006	0	False	0.17970988
3007	0	False	0.17602195
3008	0	False	0.1432166
3009	1	False	0.12996393
3010	0	False	0.13245828
3011	0	False	0.14385755
3012	0	False	0.10684375
3013	0	False	0.12146559
3014	0	False	0.10614432
3015	0	False	0.15960234
3016	0	False	0.089416064
3017	1	True	0.9442598
3018	1	True	0.46098152
3019	1	True	0.6269715
3020	0	False	0.03992002
3021	0	False	0.036775548
3022	0	False	0.04118157
3023	0	False	0.041984018
3024	0	False	0.03576097
3025	0	False	0.039712876
3026	0	False	0.039512787
3027	0	False	0.05062328
3028	0	False	0.03544756
3029	0	False	0.039712876
3030	0	False	0.03941579
3031	0	False	0.046088293
3032	0	False	0.035152502
3033	0	False	0.040303774
3034	0	False	0.039158497
3035	0	False	0.037060924
3036	0	False	0.036152534
3037	0	False	0.039512787
3038	0	False	0.039404284
3039	0	False	0.03615865
3040	0	False	0.036243416
3041	0	False	0.039277766
3042	0	False	0.039102886
3043	0	False	0.043570504
3044	0	False	0.042387616
3045	0	False	0.040722083
3046	0	False	0.040088367
3047	0	False	0.04459995
3048	0	False	0.049103063
3049	0	False	0.06386031
3050	0	False	0.03888071
3051	0	False	0.03780602
3052	0	False	0.032248322
3053	0	False	0.043959975
3054	0	False	0.04343515
3055	0	False	0.042489883
3056	0	False	0.03805839
3057	0	False	0.03838995
3058	0	False	0.03780602
3059	0	False	0.045390934
3060	0	False	0.037618432
3061	0	False	0.045052793
3062	0	False	0.03998946
3063	0	False	0.052879445
3064	0	False	0.073161505
3065	0	False	0.041313082
3066	0	False	0.042521115
3067	0	False	0.049445245
3068	0	False	0.038239352
3069	0	False	0.0386758
3070	0	False	0.03813133
3071	0	False	0.034691997
3072	0	False	0.038970284
3073	0	False	0.056231245
3074	0	False	0.040998783
3075	0	False	0.045491952
3076	0	False	0.03702625
3077	0	False	0.03288354
3078	0	False	0.037333503
3079	0	False	0.036183387
3080	0	False	0.041316897
3081	0	False	0.047007803
3082	0	False	0.041379306
3083	0	False	0.04333334
3084	0	False	0.05447073
3085	0	False	0.053694796
3086	0	False	0.047394644
3087	0	False	0.050713718
3088	0	False	0.047974326
3089	0	False	0.04756798
3090	0	False	0.0495043
3091	0	False	0.049722075
3092	0	False	0.03937882
3093	0	False	0.041354056
3094	0	False	0.05199357
3095	0	False	0.049449783
3096	0	False	0.047354147
3097	0	False	0.04172678
3098	0	False	0.044232614
3099	0	False	0.051451106
3100	0	False	0.049292155
3101	0	False	0.042146552
3102	0	False	0.05012495
3103	0	False	0.04387056
3104	0	False	0.049487542
3105	0	False	0.08269535
3106	0	False	0.0678364
3107	0	False	0.042196143
3108	0	False	0.054743245
3109	0	False	0.04271789
3110	0	False	0.044055507
3111	0	False	0.04500469
3112	0	False	0.060360175
3113	0	False	0.053422026
3114	0	False	0.08590485
3115	0	False	0.07252963
3116	0	False	0.055910956
3117	0	False	0.056634795
3118	0	False	0.049217727
3119	0	False	0.083168365
3120	0	False	0.081181616
3121	0	False	0.08516229
3122	0	False	0.10854476
3123	0	False	0.072457746
3124	0	False	0.0750784
3125	0	False	0.18053079
3126	0	True	0.2505061
3127	0	False	0.1523657
3128	0	False	0.14896566
3129	0	False	0.1585683
3130	0	False	0.17699483
3131	0	True	0.5134972
3132	0	True	0.72517693
3133	0	True	0.5422482
3134	1	True	0.87526965
3135	1	True	0.728028
3136	0	True	0.28318393
3137	1	True	0.5819686
3138	0	False	0.15836942
3139	0	False	0.0858439
3140	0	False	0.079385616
3141	0	False	0.13014764
3142	0	False	0.08094218
3143	0	False	0.08926651
3144	0	False	0.06954523
3145	0	False	0.109115876
3146	0	False	0.07372059
3147	0	False	0.08272706
3148	0	False	0.10467334
3149	0	False	0.097550064
3150	0	False	0.12880959
3151	0	False	0.10707397
3152	0	False	0.11241527
3153	0	False	0.09245734
3154	0	False	0.0924645
3155	0	False	0.06679241
3156	0	False	0.084602036
3157	0	False	0.06769834
3158	0	False	0.055354893
3159	0	False	0.055247266
3160	0	False	0.049719956
3161	0	False	0.05127133
3162	0	False	0.053539652
3163	0	False	0.062594876
3164	0	False	0.051871505
3165	0	False	0.07945175
3166	0	False	0.06337458
3167	0	False	0.05501017
3168	0	False	0.053589873
3169	0	False	0.049223162
3170	0	False	0.052074697
3171	0	False	0.048564315
3172	0	False	0.049622905
3173	0	False	0.05623927
3174	0	False	0.047963392
3175	0	False	0.04708791
3176	0	False	0.09617483
3177	0	False	0.06225355
3178	0	False	0.08262546
3179	0	False	0.06330154
3180	0	False	0.046579897
3181	0	False	0.047981534
3182	0	False	0.05783268
3183	0	False	0.048740827
3184	0	False	0.060149252
3185	0	False	0.05014364
3186	0	False	0.061786313
3187	0	False	0.063119076
3188	0	False	0.072135836
3189	0	False	0.06572924
3190	0	False	0.059964668
3191	0	False	0.040507875
3192	0	False	0.056886036
3193	0	False	0.05457763
3194	0	False	0.051286265
3195	0	False	0.057012558
3196	0	False	0.06451329
3197	0	False	0.07506909
3198	0	False	0.05073379
3199	0	False	0.06709657
3200	0	False	0.052396927
3201	0	False	0.051684972
3202	0	False	0.05383116
3203	0	False	0.037094615
3204	0	False	0.039512787
3205	0	False	0.04039929
3206	0	False	0.036898457
3207	0	False	0.034837026
3208	0	False	0.034460194
3209	0	False	0.03815873
3210	0	False	0.034536917
3211	0	False	0.036167726
3212	0	False	0.040898036
3213	0	False	0.037275124
3214	0	False	0.041999537
3215	0	False	0.04206749
3216	0	False	0.040545125
3217	0	False	0.039256793
3218	0	False	0.039692238
3219	0	False	0.041322887
3220	0	False	0.03702625
3221	0	False	0.035674088
3222	0	False	0.03871053
3223	0	False	0.039696503
3224	0	False	0.033994444
3225	0	False	0.048028674
3226	0	False	0.040109858
3227	0	False	0.050752047
3228	0	False	0.04060422
3229	0	False	0.038738746
3230	0	False	0.042762116
3231	0	False	0.044304688
3232	0	False	0.02081253
3233	0	False	0.020481225
3234	0	False	0.02136732
3235	0	False	0.021657212
3236	0	False	0.018775864
3237	0	False	0.021172654
3238	0	False	0.019589664
3239	0	False	0.027573556
3240	0	False	0.020460859
3241	0	False	0.020453244
3242	0	False	0.02019409
3243	0	False	0.021273771
3244	0	False	0.018759675
3245	0	False	0.021937601
3246	0	False	0.020412272
3247	0	False	0.017482229
3248	0	False	0.020869298
3249	0	False	0.021177778
3250	0	False	0.019714557
3251	0	False	0.020938536
3252	0	False	0.02026844
3253	0	False	0.019602902
3254	0	False	0.02280203
3255	0	False	0.022352267
3256	0	False	0.018935688
3257	0	False	0.020350717
3258	0	False	0.023907572
3259	0	False	0.022007877
3260	0	False	0.032506816
3261	0	False	0.020518312
3262	0	False	0.019679671
3263	0	False	0.016936066
3264	0	False	0.023529144
3265	0	False	0.024583617
3266	0	False	0.023216112
3267	0	False	0.01958493
3268	0	False	0.020123282
3269	0	False	0.019616514
3270	0	False	0.024472754
3271	0	False	0.021963254
3272	0	False	0.020725323
3273	0	False	0.030044967
3274	0	False	0.034366127
3275	0	False	0.021382853
3276	0	False	0.021442058
3277	0	False	0.026625065
3278	0	False	0.020189935
3279	0	False	0.021762708
3280	0	False	0.019255454
3281	0	False	0.020698035
3282	0	False	0.020328967
3283	0	False	0.033706233
3284	0	False	0.019853445
3285	0	False	0.023046281
3286	0	False	0.019714557
3287	0	False	0.019700544
3288	0	False	0.020125266
3289	0	False	0.020445956
3290	0	False	0.022777798
3291	0	False	0.022032665
3292	0	False	0.025432691
3293	0	False	0.030422099
3294	0	False	0.032418676
3295	0	False	0.029302735
3296	0	False	0.030916944
3297	0	False	0.025189178
3298	0	False	0.030827245
3299	0	False	0.02974604
3300	0	False	0.02838403
3301	0	False	0.023376245
3302	0	False	0.027326476
3303	0	False	0.032700285
3304	0	False	0.034868
3305	0	False	0.030919187
3306	0	False	0.029990807
3307	0	False	0.037384503
3308	0	False	0.026839368
3309	0	False	0.026320992
3310	0	False	0.03246087
3311	0	False	0.036093347
3312	0	False	0.052972633
3313	0	False	0.039986216
3314	0	False	0.028290227
3315	0	False	0.036867123
3316	0	False	0.027826447
3317	0	False	0.028890673
3318	0	False	0.03870849
3319	0	False	0.05273713
3320	0	False	0.047046214
3321	0	False	0.062913
3322	0	False	0.04682497
3323	0	False	0.03985369
3324	0	False	0.039985463
3325	0	False	0.0368946
3326	0	False	0.046077397
3327	0	False	0.04063076
3328	0	False	0.045419857
3329	0	False	0.050336514
3330	0	False	0.07234913
3331	0	False	0.044794783
3332	0	False	0.045612752
3333	0	False	0.060890187
3334	0	False	0.07283455
3335	0	False	0.054442797
3336	0	False	0.077825606
3337	0	False	0.071116686
3338	0	False	0.07927712
3339	0	False	0.11528697
3340	0	False	0.12054329
3341	1	False	0.22201383
3342	0	False	0.11358194
3343	0	False	0.13521905
3344	0	False	0.14635862
3345	0	True	0.28298977
3346	0	False	0.23082873
3347	0	True	0.35837272
3348	1	True	0.7281717
3349	0	False	0.11567389
3350	0	False	0.12451081
3351	0	False	0.057486188
3352	0	False	0.059978317
3353	0	False	0.08131257
3354	0	False	0.07834972
3355	0	False	0.0779692
3356	0	False	0.0538217
3357	0	False	0.07243956
3358	0	False	0.06712595
3359	0	False	0.07065978
3360	0	False	0.070960134
3361	0	False	0.073811196
3362	0	False	0.055827465
3363	0	False	0.05304715
3364	0	False	0.04622786
3365	0	False	0.06541965
3366	0	False	0.056467112
3367	0	False	0.030756682
3368	0	False	0.027773688
3369	0	False	0.034468696
3370	0	False	0.03833326
3371	0	False	0.034468696
3372	0	False	0.05414786
3373	0	False	0.044363678
3374	0	False	0.029011346
3375	0	False	0.030963022
3376	0	False	0.035486724
3377	0	False	0.03371118
3378	0	False	0.05032015
3379	0	False	0.038160164
3380	0	False	0.028712584
3381	0	False	0.03311995
3382	0	False	0.056081664
3383	0	False	0.056790102
3384	0	False	0.03830305
3385	0	False	0.03582578
3386	0	False	0.042731274
3387	0	False	0.053773813
3388	0	False	0.030337602
3389	0	False	0.037072506
3390	0	False	0.030983835
3391	0	False	0.047182463
3392	0	False	0.047300097
3393	0	False	0.049618293
3394	0	False	0.045553528
3395	0	False	0.02971667
3396	0	False	0.023749113
3397	0	False	0.025989
3398	0	False	0.028956458
3399	0	False	0.025495458
3400	0	False	0.027826088
3401	0	False	0.03364174
3402	0	False	0.03168891
3403	0	False	0.039021876
3404	0	False	0.03121259
3405	0	False	0.02951408
3406	0	False	0.028529255
3407	0	False	0.020629002
3408	0	False	0.023364814
3409	0	False	0.02024478
3410	0	False	0.022537787
3411	0	False	0.021857591
3412	0	False	0.020935804
3413	0	False	0.02116495
3414	0	False	0.02113207
3415	0	False	0.02311412
3416	0	False	0.023055622
3417	0	False	0.021146758
3418	0	False	0.02152004
3419	0	False	0.021800239
3420	0	False	0.022357568
3421	0	False	0.0223343
3422	0	False	0.02285449
3423	0	False	0.020931788
3424	0	False	0.019714557
3425	0	False	0.021160735
3426	0	False	0.026662715
3427	0	False	0.021380294
3428	0	False	0.019596808
3429	0	False	0.027062273
3430	0	False	0.02286626
3431	0	False	0.029830946
3432	0	False	0.023460986
3433	0	False	0.021201147
3434	0	False	0.022983622
3435	0	False	0.023830479
3436	0	False	0.030157229
3437	0	False	0.026183775
3438	0	False	0.027309708
3439	0	False	0.031180585
3440	0	False	0.028260743
3441	0	False	0.029999157
3442	0	False	0.030185495
3443	0	False	0.042915717
3444	0	False	0.026748072
3445	0	False	0.029475877
3446	0	False	0.02977249
3447	0	False	0.03369067
3448	0	False	0.02485835
3449	0	False	0.030287677
3450	0	False	0.02674404
3451	0	False	0.026589263
3452	0	False	0.029846488
3453	0	False	0.02985722
3454	0	False	0.025380533
3455	0	False	0.028998429
3456	0	False	0.02683374
3457	0	False	0.029533781
3458	0	False	0.03423614
3459	0	False	0.033769056
3460	0	False	0.0321937
3461	0	False	0.029762909
3462	0	False	0.03358155
3463	0	False	0.03657653
3464	0	False	0.046045262
3465	0	False	0.029434033
3466	0	False	0.02731613
3467	0	False	0.021318777
3468	0	False	0.030986223
3469	0	False	0.02950095
3470	0	False	0.03310239
3471	0	False	0.029337369
3472	0	False	0.027756408
3473	0	False	0.02915747
3474	0	False	0.038329206
3475	0	False	0.032392025
3476	0	False	0.032225717
3477	0	False	0.05000256
3478	0	False	0.062423665
3479	0	False	0.031618375
3480	0	False	0.036562636
3481	0	False	0.04435224
3482	0	False	0.027239004
3483	0	False	0.029208036
3484	0	False	0.029363088
3485	0	False	0.030127103
3486	0	False	0.028175645
3487	0	False	0.049635034
3488	0	False	0.028017929
3489	0	False	0.031784747
3490	0	False	0.027950551
3491	0	False	0.02981243
3492	0	False	0.028184703
3493	0	False	0.028527867
3494	0	False	0.030386658
3495	0	False	0.03462643
3496	0	False	0.03113679
3497	0	False	0.032884486
3498	0	False	0.039837018
3499	0	False	0.0395757
3500	0	False	0.032046802
3501	0	False	0.034329787
3502	0	False	0.038971007
3503	0	False	0.037705995
3504	0	False	0.039032944
3505	0	False	0.03913908
3506	0	False	0.029725054
3507	0	False	0.028677156
3508	0	False	0.0367776
3509	0	False	0.032273673
3510	0	False	0.033448003
3511	0	False	0.03893982
3512	0	False	0.040350463
3513	0	False	0.033051148
3514	0	False	0.033129428
3515	0	False	0.032886133
3516	0	False	0.03414468
3517	0	False	0.06806454
3518	0	False	0.057621393
3519	0	False	0.033323925
3520	0	False	0.040573265
3521	0	False	0.033383615
3522	0	False	0.03303479
3523	0	False	0.034221143
3524	0	False	0.05319074
3525	0	False	0.030961212
3526	0	False	0.04886958
3527	0	False	0.04074042
3528	0	False	0.04382253
3529	0	False	0.042612713
3530	0	False	0.035142567
3531	0	False	0.03937466
3532	0	False	0.047783785
3533	0	False	0.041720726
3534	0	False	0.041446157
3535	0	False	0.05314568
3536	0	False	0.038017623
3537	0	False	0.03529495
3538	0	False	0.036904886
3539	0	False	0.04788107
3540	0	False	0.03301017
3541	0	False	0.032472305
3542	0	False	0.038352948
3543	0	False	0.0444611
3544	0	False	0.049275395
3545	0	False	0.04371327
3546	0	False	0.033040937
3547	0	False	0.11661124
3548	0	False	0.051063117
3549	0	False	0.057839744
3550	0	False	0.04574066
3551	0	False	0.06578185
3552	0	False	0.059916664
3553	0	False	0.050657373
3554	0	False	0.106974006
3555	0	False	0.034933627
3556	0	False	0.04774395
3557	0	False	0.044647492
3558	0	False	0.035813734
3559	0	False	0.039732993
3560	0	False	0.046101872
3561	0	False	0.036525484
3562	0	False	0.045376256
3563	0	False	0.0492927
3564	0	False	0.068646096
3565	0	False	0.05018135
3566	0	False	0.07769416
3567	0	False	0.085891016
3568	0	False	0.06741404
3569	0	False	0.05501556
3570	0	False	0.055392977
3571	0	False	0.041270442
3572	0	False	0.05719716
3573	0	False	0.049238637
3574	0	False	0.07284427
3575	0	False	0.060110528
3576	0	False	0.046580616
3577	0	False	0.046752293
3578	0	False	0.10165002
3579	0	False	0.10382036
3580	0	False	0.09774542
3581	0	False	0.08503992
3582	0	False	0.062332485
3583	0	False	0.058338575
3584	0	False	0.07634624
3585	0	False	0.07220341
3586	0	False	0.07840438
3587	0	False	0.16846141
3588	0	False	0.115126215
3589	0	False	0.13567415
3590	0	False	0.21114147
3591	1	True	0.8214
3592	0	True	0.5522243
3593	1	True	0.72034836
3594	0	True	0.6240622
3595	1	True	0.74682015
3596	1	True	0.76507133
3597	1	True	0.8393888
3598	1	True	0.66083676
3599	0	False	0.2136472
3600	0	False	0.21992071
3601	0	True	0.3212455
3602	0	False	0.21317664
3603	1	False	0.11377667
3604	0	False	0.12926318
3605	0	False	0.09078644
3606	0	False	0.11731816
3607	0	False	0.062017072
3608	0	False	0.06584423
3609	0	False	0.083292305
3610	0	True	0.24860185
3611	0	False	0.067106865
3612	0	False	0.09724228
3613	0	False	0.065499246
3614	0	False	0.08323815
3615	0	False	0.05952896
3616	0	False	0.078971446
3617	0	False	0.052965686
3618	0	False	0.044458296
3619	0	False	0.037669804
3620	0	False	0.03701403
3621	0	False	0.033380967
3622	0	False	0.032312404
3623	0	False	0.03196197
3624	0	False	0.033365063
3625	0	False	0.0321223
3626	0	False	0.03213038
3627	0	False	0.037951436
3628	0	False	0.03273245
3629	0	False	0.0335941
3630	0	False	0.033648934
3631	0	False	0.03135212
3632	0	False	0.029757919
3633	0	False	0.030987885
3634	0	False	0.031340394
3635	0	False	0.033098124
3636	0	False	0.029019315
3637	0	False	0.030925581
3638	0	False	0.031806912
3639	0	False	0.025642104
3640	0	False	0.038337898
3641	0	False	0.031963225
3642	0	False	0.050744556
3643	0	False	0.031027623
3644	0	False	0.030231442
3645	0	False	0.03409592
3646	0	False	0.034434993
3647	0	False	0.032678537
3648	0	False	0.031277116
3649	0	False	0.032614734
3650	0	False	0.034979012
3651	0	False	0.029134754
3652	0	False	0.03420681
3653	0	False	0.031117128
3654	0	False	0.043026403
3655	0	False	0.03397451
3656	0	False	0.03305947
3657	0	False	0.03104008
3658	0	False	0.035541143
3659	0	False	0.027823083
3660	0	False	0.03247566
3661	0	False	0.031352013
3662	0	False	0.030161371
3663	0	False	0.032536082
3664	0	False	0.031117128
3665	0	False	0.033993278
3666	0	False	0.031129396
3667	0	False	0.029945085
3668	0	False	0.032694776
3669	0	False	0.030791534
3670	0	False	0.037873928
3671	0	False	0.030908108
3672	0	False	0.031329393
3673	0	False	0.03377773
3674	0	False	0.045773264
3675	0	False	0.033030093
3676	0	False	0.047879666
3677	0	False	0.030987775
3678	0	False	0.030827915
3679	0	False	0.026107078
3680	0	False	0.035553217
3681	0	False	0.037027873
3682	0	False	0.038782608
3683	0	False	0.029916659
3684	0	False	0.032619726
3685	0	False	0.033450868
3686	0	False	0.03828478
3687	0	False	0.034784824
3688	0	False	0.03301728
3689	0	False	0.04422816
3690	0	False	0.057827987
3691	0	False	0.035665486
3692	0	False	0.037950706
3693	0	False	0.04888065
3694	0	False	0.033693723
3695	0	False	0.03242359
3696	0	False	0.0331207
3697	0	False	0.03561201
3698	0	False	0.030686216
3699	0	False	0.05297108
3700	0	False	0.030395692
3701	0	False	0.0348324
3702	0	False	0.032582145
3703	0	False	0.030468982
3704	0	False	0.031670984
3705	0	False	0.029896727
3706	0	False	0.034070544
3707	0	False	0.03361675
3708	0	False	0.047151264
3709	0	False	0.043642674
3710	0	False	0.04629231
3711	0	False	0.04986027
3712	0	False	0.048855107
3713	0	False	0.045060188
3714	0	False	0.042554315
3715	0	False	0.04195719
3716	0	False	0.05199347
3717	0	False	0.045667857
3718	0	False	0.039457247
3719	0	False	0.046805702
3720	0	False	0.04974282
3721	0	False	0.04445327
3722	0	False	0.05295614
3723	0	False	0.05781136
3724	0	False	0.038661726
3725	0	False	0.047551326
3726	0	False	0.040259484
3727	0	False	0.046091657
3728	0	False	0.08077917
3729	0	False	0.063695066
3730	0	False	0.041551415
3731	0	False	0.050392784
3732	0	False	0.04009282
3733	0	False	0.040015228
3734	0	False	0.04748231
3735	0	False	0.07031127
3736	0	False	0.041217495
3737	0	False	0.05154617
3738	0	False	0.058062173
3739	0	False	0.045949463
3740	0	False	0.04409803
3741	0	False	0.04276231
3742	0	False	0.057916813
3743	0	False	0.049458236
3744	0	False	0.048447587
3745	0	False	0.05247151
3746	0	False	0.053004805
3747	0	False	0.053838994
3748	0	False	0.07581221
3749	0	False	0.094517544
3750	0	False	0.07002907
3751	0	False	0.053138524
3752	0	False	0.069786
3753	0	False	0.071428195
3754	0	False	0.08920647
3755	0	False	0.063035645
3756	0	False	0.052106142
3757	0	False	0.105175026
3758	0	False	0.074319385
3759	0	False	0.06914992
3760	0	False	0.08959905
3761	0	False	0.12955423
3762	0	False	0.11550018
3763	0	False	0.09375396
3764	0	False	0.1740734
3765	0	False	0.0879413
3766	0	False	0.10397881
3767	0	False	0.122689515
3768	0	False	0.20327841
3769	0	False	0.13410978
3770	0	True	0.2992294
3771	0	True	0.26619282
3772	0	True	0.24964876
3773	0	False	0.12787005
3774	0	False	0.19215743
3775	1	True	0.28947806
3776	1	True	0.25963485
3777	0	False	0.11284373
3778	0	False	0.10875358
3779	0	False	0.081066355
3780	0	False	0.10387486
3781	0	False	0.09903609
3782	0	False	0.100244105
3783	0	False	0.090411164
3784	0	False	0.065995514
3785	0	False	0.050255254
3786	0	False	0.06557722
3787	0	False	0.07157698
3788	0	False	0.06835562
3789	0	False	0.08322399
3790	1	False	0.0670839
3791	0	False	0.047889385
3792	0	False	0.05265922
3793	0	False	0.044557538
3794	0	False	0.045189448
3795	0	False	0.05509006
3796	0	False	0.043705307
3797	0	False	0.045363925
3798	0	False	0.047003224
3799	0	False	0.072682254
3800	0	False	0.060218178
3801	0	False	0.051395644
3802	0	False	0.03666645
3803	0	False	0.042990066
3804	0	False	0.049456015
3805	0	False	0.05125905
3806	0	False	0.057015598
3807	0	False	0.05001789
3808	0	False	0.04994962
3809	0	False	0.05462767
3810	0	False	0.061446734
3811	0	False	0.055670794
3812	0	False	0.04944314
3813	0	False	0.037590224
3814	0	False	0.040360756
3815	0	False	0.042962167
3816	0	False	0.035903044
3817	0	False	0.036707375
3818	0	False	0.04380937
3819	0	False	0.059571337
3820	0	False	0.042294826
3821	0	False	0.0558833
3822	0	False	0.042887237
3823	0	False	0.045018025
3824	0	False	0.04126319
3825	0	False	0.04002599
3826	0	False	0.034051765
3827	0	False	0.033235595
3828	0	False	0.03342413
3829	0	False	0.032485086
3830	0	False	0.03188031
3831	0	False	0.035726387
3832	0	False	0.03366385
3833	0	False	0.03828945
3834	0	False	0.03462299
3835	0	False	0.030618196
3836	0	False	0.032944106
3837	0	False	0.033367977
3838	0	False	0.034825742
3839	0	False	0.03342422
3840	0	False	0.03266318
3841	0	False	0.03272765
3842	0	False	0.032582145
3843	0	False	0.033998884
3844	0	False	0.034207206
3845	0	False	0.03456317
3846	0	False	0.03179238
3847	0	False	0.04529641
3848	0	False	0.039091032
3849	0	False	0.04665947
3850	0	False	0.036402658
3851	0	False	0.034033142
3852	0	False	0.037030578
3853	0	False	0.038535677
3854	1	True	0.8455496
3855	1	True	0.7680187
3856	1	True	0.9302729
