	Significant	y_pred	y_prob
0	1	False	0.16896133
1	1	False	0.2546769
2	1	True	0.7602144
3	1	True	0.8066768
4	1	True	0.80004644
5	1	True	0.62349963
6	0	False	0.1289683
7	0	False	0.12353134
8	0	False	0.12777333
9	0	False	0.1289683
10	0	False	0.11585515
11	0	False	0.11642091
12	0	False	0.11244434
13	0	False	0.11144524
14	0	False	0.11642091
15	0	False	0.11642091
16	0	False	0.11244434
17	0	False	0.11144524
18	0	False	0.11144524
19	0	False	0.11745871
20	0	False	0.11244434
21	0	False	0.11642091
22	0	False	0.11144524
23	0	False	0.11642091
24	0	False	0.11642091
25	0	False	0.11144524
26	0	False	0.124788195
27	0	False	0.11642091
28	0	False	0.11642091
29	0	False	0.11642091
30	0	False	0.11144524
31	0	False	0.11642091
32	0	False	0.11144524
33	0	False	0.118178464
34	0	False	0.11144524
35	0	False	0.11900616
36	0	False	0.11745871
37	0	False	0.11642091
38	0	False	0.11745871
39	0	False	0.11642091
40	0	False	0.11642091
41	0	False	0.11745871
42	0	False	0.11745871
43	0	False	0.11745871
44	0	False	0.11244434
45	0	False	0.11244434
46	0	False	0.11745871
47	0	False	0.11745871
48	0	False	0.11642091
49	0	False	0.11688859
50	0	False	0.11244434
51	0	False	0.11642091
52	0	False	0.11519135
53	0	False	0.11642091
54	0	False	0.11745871
55	0	False	0.11745871
56	0	False	0.11745871
57	0	False	0.11745871
58	0	False	0.1195187
59	0	False	0.1195187
60	0	False	0.1195187
61	0	False	0.1402355
62	0	False	0.16795015
63	0	False	0.16056134
64	0	False	0.15581848
65	0	False	0.22007187
66	0	True	0.27997464
67	0	False	0.2127547
68	0	True	0.45709324
69	1	True	0.81435287
70	1	True	0.4772701
71	1	True	0.7979196
72	1	True	0.5248891
73	1	True	0.57221526
74	0	False	0.25375354
75	0	False	0.15147723
76	0	False	0.14566557
77	0	False	0.15222092
78	0	False	0.15570357
79	0	False	0.11745871
80	0	False	0.11642091
81	0	False	0.11745871
82	0	False	0.11871859
83	0	False	0.11244434
84	0	False	0.1262811
85	0	False	0.11244434
86	0	False	0.11745871
87	0	False	0.11745871
88	0	False	0.11745871
89	0	False	0.11745871
90	0	False	0.11642091
91	0	False	0.11642091
92	0	False	0.11642091
93	0	False	0.11745871
94	0	False	0.11642091
95	0	False	0.11144524
96	0	False	0.11642091
97	0	False	0.11642091
98	0	False	0.11642091
99	0	False	0.11642091
100	0	False	0.11640427
101	0	False	0.11250099
102	0	False	0.11357646
103	0	False	0.11144524
104	0	False	0.11144524
105	0	False	0.11642091
106	0	False	0.11642091
107	0	False	0.11144524
108	0	False	0.11642091
109	0	False	0.11244434
110	0	False	0.11642091
111	0	False	0.11292357
112	0	False	0.11642091
113	0	False	0.11642091
114	0	False	0.11745871
115	0	False	0.11642091
116	0	False	0.11144524
117	0	False	0.11642091
118	0	False	0.11144524
119	0	False	0.11144524
120	0	False	0.11745871
121	0	False	0.11745871
122	0	False	0.11144524
123	0	False	0.11642091
124	0	False	0.11710794
125	0	False	0.11642091
126	0	False	0.11244434
127	0	False	0.11642091
128	0	False	0.11642091
129	1	True	0.64260566
130	1	True	0.49301305
131	1	True	0.44237125
132	1	True	0.49876305
133	1	True	0.37176263
134	1	True	0.3124235
135	1	True	0.55909795
136	1	True	0.7338459
137	1	True	0.7680397
138	1	True	0.40410426
139	1	True	0.42326596
140	1	True	0.73198855
141	0	False	0.11038555
142	0	False	0.11038555
143	0	False	0.11038555
144	0	False	0.109402485
145	0	False	0.109402485
146	0	False	0.11038555
147	0	False	0.1108571
148	0	False	0.107312866
149	0	False	0.107312866
150	0	False	0.107312866
151	0	False	0.107312866
152	0	False	0.107312866
153	0	False	0.107312866
154	0	False	0.107312866
155	0	False	0.107312866
156	0	False	0.107312866
157	0	False	0.11038555
158	0	False	0.11038555
159	0	False	0.10325006
160	0	False	0.11038555
161	0	False	0.11038555
162	0	False	0.11038555
163	0	False	0.11038555
164	0	False	0.11038555
165	0	False	0.09838727
166	0	False	0.09838727
167	0	False	0.106353894
168	0	False	0.10308056
169	0	False	0.10539171
170	0	False	0.11063357
171	0	False	0.10539171
172	0	False	0.10706198
173	0	False	0.10759691
174	0	False	0.10759691
175	0	False	0.10759691
176	0	False	0.0958691
177	0	False	0.10759691
178	0	False	0.1088664
179	0	False	0.111755535
180	0	False	0.107443124
181	0	False	0.15050264
182	0	False	0.13401592
183	0	False	0.11164958
184	0	False	0.11164958
185	0	False	0.11312798
186	0	False	0.1320757
187	0	False	0.14191751
188	0	False	0.17213507
189	0	False	0.12782939
190	0	False	0.25348794
191	0	True	0.34541476
192	0	False	0.25996006
193	0	True	0.3032165
194	0	False	0.25687793
195	0	False	0.24937399
196	0	True	0.3732063
197	0	False	0.26080835
198	0	True	0.32750508
199	0	True	0.3281647
200	0	False	0.2605702
201	0	True	0.4747229
202	0	True	0.3679582
203	0	False	0.16126981
204	0	False	0.22676946
205	0	False	0.1447378
206	0	False	0.122615516
207	0	False	0.14018163
208	0	False	0.14987509
209	0	False	0.1376239
210	0	False	0.116704546
211	0	False	0.11491967
212	0	False	0.13721445
213	0	False	0.11135905
214	0	False	0.12587935
215	0	False	0.1114965
216	0	False	0.10018086
217	0	False	0.09832131
218	0	False	0.11481309
219	0	False	0.09701524
220	0	False	0.09701524
221	0	False	0.09701524
222	0	False	0.10090817
223	0	False	0.106706046
224	0	False	0.11109197
225	0	False	0.0958691
226	0	False	0.10759691
227	0	False	0.09793954
228	0	False	0.10841605
229	0	False	0.10841605
230	0	False	0.107312866
231	0	False	0.107312866
232	0	False	0.107312866
233	0	False	0.107312866
234	0	False	0.107312866
235	0	False	0.107312866
236	0	False	0.106353894
237	0	False	0.107312866
238	0	False	0.106353894
239	0	False	0.107312866
240	0	False	0.15802594
241	0	False	0.15802594
242	0	False	0.14629357
243	0	False	0.14024383
244	0	False	0.15802594
245	0	False	0.14629357
246	0	False	0.1600109
247	0	False	0.1524817
248	0	False	0.15157716
249	0	False	0.15802594
250	0	False	0.15157716
251	0	False	0.15802594
252	0	False	0.15157716
253	0	False	0.15802594
254	0	False	0.1524817
255	0	False	0.1524817
256	0	False	0.1492016
257	0	False	0.1492016
258	0	False	0.14024383
259	0	False	0.14629357
260	0	False	0.14024383
261	0	False	0.14024383
262	0	False	0.14024383
263	0	False	0.15802594
264	0	False	0.14024383
265	0	False	0.14620419
266	0	False	0.13680564
267	0	False	0.131088
268	0	False	0.13566323
269	0	False	0.13063541
270	0	False	0.12513828
271	0	False	0.13063541
272	0	False	0.13201027
273	0	False	0.13754788
274	0	False	0.13754788
275	0	False	0.13809396
276	0	False	0.14068262
277	0	False	0.13944031
278	0	False	0.13901702
279	0	False	0.17332412
280	0	False	0.1492255
281	0	False	0.18957764
282	0	False	0.18239293
283	0	True	0.28092495
284	0	True	0.3704497
285	0	True	0.44124785
286	0	True	0.37966615
287	0	False	0.22694296
288	0	True	0.2893367
289	0	False	0.22694296
290	0	False	0.22937392
291	0	False	0.23408008
292	1	False	0.17580467
293	1	True	0.29832813
294	1	False	0.18867649
295	0	False	0.15525103
296	0	False	0.14356853
297	0	False	0.16858418
298	0	False	0.21586369
299	0	False	0.154141
300	0	False	0.12870832
301	0	False	0.14440168
302	0	False	0.15819806
303	0	False	0.13600078
304	0	False	0.12161607
305	0	False	0.12161607
306	0	False	0.13418144
307	0	False	0.13339622
308	0	False	0.12742223
309	0	False	0.14073862
310	0	False	0.12533304
311	0	False	0.12681095
312	0	False	0.12903696
313	0	False	0.12533304
314	0	False	0.12533304
315	0	False	0.12681095
316	0	False	0.12390391
317	0	False	0.13431472
318	0	False	0.12880275
319	0	False	0.13212718
320	0	False	0.13785897
321	0	False	0.14620419
322	0	False	0.14629357
323	0	False	0.14629357
324	0	False	0.14629357
325	0	False	0.15802594
326	0	False	0.1462199
327	0	False	0.15802594
328	0	False	0.15802594
329	0	False	0.15802594
330	0	False	0.15802594
331	0	False	0.15802594
332	0	False	0.15802594
333	0	False	0.15802594
334	0	False	0.08556449
335	0	False	0.08556449
336	0	False	0.084781386
337	0	False	0.08556449
338	0	False	0.08556449
339	0	False	0.084781386
340	0	False	0.08673301
341	0	False	0.08556449
342	0	False	0.08556449
343	0	False	0.08556449
344	0	False	0.08556449
345	0	False	0.08556449
346	0	False	0.08556449
347	0	False	0.08556449
348	0	False	0.08556449
349	0	False	0.08556449
350	0	False	0.08556449
351	0	False	0.08556449
352	0	False	0.08556449
353	0	False	0.08651578
354	0	False	0.08651578
355	0	False	0.08556449
356	0	False	0.08556449
357	0	False	0.08556449
358	0	False	0.084781386
359	0	False	0.084781386
360	0	False	0.08651578
361	0	False	0.08556449
362	0	False	0.08556449
363	0	False	0.08556449
364	0	False	0.08556449
365	0	False	0.08651578
366	0	False	0.08556449
367	0	False	0.08556449
368	0	False	0.08556449
369	0	False	0.08556449
370	0	False	0.084781386
371	0	False	0.084781386
372	0	False	0.08651578
373	0	False	0.08651578
374	0	False	0.105876334
375	0	False	0.09357422
376	0	False	0.08657886
377	0	False	0.08657886
378	0	False	0.08810628
379	0	False	0.090521134
380	0	False	0.12428792
381	0	False	0.14042231
382	0	False	0.117238976
383	0	False	0.10962151
384	0	False	0.12579289
385	0	False	0.10381618
386	0	False	0.10834122
387	0	False	0.11088779
388	0	False	0.1268082
389	0	False	0.169472
390	0	False	0.1309324
391	0	False	0.13194223
392	0	False	0.13194223
393	0	False	0.100706644
394	0	False	0.12815799
395	0	False	0.10818215
396	0	False	0.10136732
397	0	False	0.14405507
398	0	False	0.115529984
399	0	False	0.15351458
400	0	False	0.21609786
401	0	False	0.14352956
402	0	False	0.15132168
403	0	False	0.16536283
404	0	False	0.17644021
405	0	False	0.17782266
406	0	False	0.1545596
407	0	False	0.16086365
408	0	False	0.1996291
409	0	False	0.16326165
410	0	False	0.18931341
411	0	True	0.43227243
412	0	True	0.39608276
413	0	True	0.42530826
414	0	True	0.46631232
415	0	True	0.5017303
416	0	True	0.4297607
417	0	False	0.19670406
418	0	False	0.13622692
419	0	False	0.1365353
420	0	False	0.11097797
421	0	False	0.10712001
422	0	False	0.1055286
423	0	False	0.09660466
424	0	False	0.09843384
425	0	False	0.08855659
426	0	False	0.08970031
427	0	False	0.09052433
428	0	False	0.08556449
429	0	False	0.08556449
430	0	False	0.08556449
431	0	False	0.08556449
432	0	False	0.101188496
433	0	False	0.101188496
434	0	False	0.101188496
435	0	False	0.101188496
436	0	False	0.10027809
437	0	False	0.101188496
438	0	False	0.10162525
439	0	False	0.101188496
440	0	False	0.101188496
441	0	False	0.101188496
442	0	False	0.101188496
443	0	False	0.101188496
444	0	False	0.101188496
445	0	False	0.101188496
446	0	False	0.101188496
447	0	False	0.101188496
448	0	False	0.10229407
449	0	False	0.10229407
450	0	False	0.098745935
451	0	False	0.10229407
452	0	False	0.10229407
453	0	False	0.101188496
454	0	False	0.101188496
455	0	False	0.10027809
456	0	False	0.10027809
457	0	False	0.10466442
458	0	False	0.105188765
459	0	False	0.11215861
460	0	False	0.105188765
461	0	False	0.105188765
462	0	False	0.108884476
463	0	False	0.108884476
464	0	False	0.11006385
465	0	False	0.108884476
466	0	False	0.11006385
467	0	False	0.11006385
468	0	False	0.114132084
469	0	False	0.10973929
470	0	False	0.16114819
471	0	False	0.1402376
472	0	False	0.13278422
473	0	False	0.13278422
474	0	False	0.14460373
475	0	False	0.14704098
476	0	False	0.19044764
477	0	False	0.22464459
478	0	True	0.28655234
479	0	True	0.4444253
480	0	True	0.53296804
481	0	True	0.4684794
482	1	True	0.47633174
483	1	True	0.7663461
484	1	True	0.5764029
485	0	False	0.253585
486	0	False	0.17170574
487	0	False	0.1775287
488	0	False	0.23789285
489	0	False	0.15587847
490	0	False	0.13477919
491	0	False	0.15751006
492	0	False	0.16816737
493	0	False	0.15568155
494	0	False	0.12182723
495	0	False	0.12182723
496	0	False	0.1463127
497	0	False	0.14273404
498	0	False	0.13713782
499	0	False	0.12410185
500	0	False	0.10838667
501	0	False	0.10430684
502	0	False	0.11867403
503	0	False	0.10074895
504	0	False	0.10074895
505	0	False	0.1063329
506	0	False	0.108512945
507	0	False	0.11240321
508	0	False	0.108512945
509	0	False	0.105188765
510	0	False	0.10466442
511	0	False	0.10301835
512	0	False	0.10236737
513	0	False	0.10236737
514	0	False	0.101188496
515	0	False	0.101188496
516	0	False	0.101188496
517	0	False	0.101188496
518	0	False	0.101188496
519	0	False	0.10027809
520	0	False	0.10027809
521	0	False	0.10027809
522	0	False	0.101188496
523	0	False	0.10027809
524	1	True	0.2837855
525	1	True	0.7215663
526	1	True	0.74992573
527	1	False	0.2639736
528	1	False	0.21193455
529	1	True	0.5085492
530	1	True	0.62750113
531	1	True	0.5570993
532	1	True	0.33285517
533	0	False	0.092878394
534	0	False	0.092878394
535	0	False	0.092878394
536	0	False	0.092035115
537	0	False	0.092878394
538	0	False	0.092878394
539	0	False	0.10144288
540	0	False	0.11125102
541	0	False	0.09708501
542	0	False	0.10545624
543	0	False	0.104320474
544	0	False	0.12350879
545	0	False	0.11652182
546	0	False	0.18046662
547	0	False	0.2631181
548	0	False	0.16007799
549	0	False	0.16794299
550	0	False	0.1430732
551	0	False	0.1641282
552	0	False	0.1702252
553	0	False	0.23426427
554	0	False	0.13174622
555	0	False	0.15697066
556	0	False	0.15863205
557	0	False	0.11470838
558	0	False	0.12245435
559	0	False	0.12002746
560	0	False	0.12284779
561	0	False	0.1225335
562	0	False	0.12532014
563	0	False	0.12002746
564	0	False	0.12284779
565	0	False	0.107221425
566	0	False	0.101841316
567	0	False	0.101841316
568	0	False	0.10501987
569	0	False	0.10923482
570	0	False	0.1135691
571	0	False	0.106440194
572	0	False	0.09526905
573	0	False	0.093902655
574	0	False	0.093902655
575	0	False	0.09384799
576	0	False	0.092878394
577	0	False	0.092878394
578	0	False	0.092878394
579	0	False	0.0951732
580	0	False	0.092035115
581	0	False	0.09663351
582	0	False	0.092878394
583	0	False	0.092878394
584	0	False	0.092878394
585	0	False	0.094471015
586	0	False	0.092878394
587	0	False	0.09796305
588	0	False	0.092878394
589	0	False	0.093902655
590	0	False	0.1066763
591	0	False	0.092035115
592	0	False	0.093441196
593	0	False	0.09503359
594	0	False	0.094172776
595	0	False	0.09808703
596	0	False	0.10239612
597	0	False	0.092878394
598	0	False	0.092878394
599	0	False	0.092878394
600	0	False	0.092878394
601	0	False	0.092878394
602	0	False	0.092878394
603	0	False	0.092035115
604	0	False	0.092035115
605	0	False	0.092035115
606	0	False	0.092878394
607	0	False	0.092878394
608	0	False	0.092035115
609	0	False	0.1023373
610	0	False	0.096648596
611	0	False	0.092878394
612	0	False	0.09575971
613	0	False	0.092878394
614	0	False	0.09495788
615	0	False	0.09409768
616	0	False	0.09409768
617	0	False	0.09739054
618	0	False	0.09495788
619	0	False	0.09409768
620	0	False	0.100426935
621	0	False	0.100638755
622	0	False	0.09495788
623	0	False	0.09495788
624	0	False	0.09495788
625	0	False	0.09409768
626	0	False	0.09495788
627	0	False	0.096002646
628	0	False	0.097748905
629	0	False	0.0973637
630	0	False	0.096687175
631	0	False	0.10364062
632	0	False	0.10289038
633	0	False	0.11232374
634	0	False	0.12229833
635	0	False	0.10976063
636	0	False	0.113534376
637	0	False	0.114676714
638	0	False	0.105506346
639	0	False	0.10695902
640	0	False	0.114825785
641	0	False	0.11882522
642	0	False	0.129347
643	0	False	0.12680757
644	0	False	0.114481814
645	0	False	0.150784
646	0	False	0.10736363
647	0	False	0.10736363
648	0	False	0.13621716
649	0	False	0.1731813
650	0	False	0.17493302
651	0	False	0.14886272
652	0	True	0.32682186
653	0	False	0.18331829
654	0	False	0.12922858
655	0	False	0.117985874
656	0	False	0.11588014
657	0	False	0.112594076
658	0	False	0.11272475
659	0	False	0.11649537
660	0	False	0.11207606
661	0	False	0.10876966
662	0	False	0.102263704
663	0	False	0.1379367
664	0	False	0.102166824
665	0	False	0.14816526
666	0	False	0.106937915
667	0	False	0.10228279
668	0	False	0.11921134
669	0	False	0.10289038
670	0	False	0.09658237
671	0	False	0.098222494
672	0	False	0.098222494
673	0	False	0.105831996
674	0	False	0.105803184
675	0	False	0.0982776
676	0	False	0.0982776
677	0	False	0.09495788
678	0	False	0.09495788
679	0	False	0.096002646
680	0	False	0.096002646
681	0	False	0.09495788
682	0	False	0.0982776
683	0	False	0.09495788
684	0	False	0.09495788
685	0	False	0.09495788
686	0	False	0.09739054
687	0	False	0.099883504
688	0	False	0.09860844
689	0	False	0.09409768
690	0	False	0.10222639
691	0	False	0.09739054
692	0	False	0.08756243
693	0	False	0.08660072
694	0	False	0.08756243
695	0	False	0.08756243
696	0	False	0.089310266
697	0	False	0.096838646
698	0	False	0.10168895
699	0	False	0.14538498
700	0	False	0.10598797
701	0	False	0.11246021
702	0	False	0.11202069
703	1	False	0.17949502
704	0	False	0.11522879
705	0	False	0.10858375
706	0	False	0.09953507
707	0	False	0.10866792
708	0	False	0.10519006
709	0	False	0.10535427
710	0	False	0.118067406
711	0	False	0.14681545
712	0	False	0.09605283
713	0	False	0.09370729
714	0	False	0.12351264
715	0	False	0.09282227
716	0	False	0.09196329
717	0	False	0.091808595
718	0	False	0.106423214
719	0	False	0.107255936
720	0	False	0.092353195
721	0	False	0.092353195
722	0	False	0.10798017
723	0	False	0.09415389
724	0	False	0.09029909
725	0	False	0.09029909
726	0	False	0.090470485
727	0	False	0.096407525
728	0	False	0.08955004
729	0	False	0.08756243
730	0	False	0.08756243
731	0	False	0.08756243
732	0	False	0.08756243
733	0	False	0.08977415
734	0	False	0.08660072
735	0	False	0.08660072
736	0	False	0.08660072
737	0	False	0.086980596
738	0	False	0.085809045
739	0	False	0.08930646
740	0	False	0.085809045
741	0	False	0.08660072
742	0	False	0.085809045
743	0	False	0.08856862
744	0	False	0.08660072
745	0	False	0.09102959
746	0	False	0.085809045
747	0	False	0.08660072
748	0	False	0.09848905
749	0	False	0.085809045
750	0	False	0.087760665
751	0	False	0.08781609
752	0	False	0.08781609
753	0	False	0.092331626
754	0	False	0.09554289
755	0	False	0.085809045
756	0	False	0.085809045
757	0	False	0.085809045
758	0	False	0.085809045
759	0	False	0.085809045
760	0	False	0.08660072
761	0	False	0.085809045
762	0	False	0.085809045
763	0	False	0.085809045
764	0	False	0.085809045
765	0	False	0.085809045
766	0	False	0.089551106
767	0	False	0.08930646
768	0	False	0.086242184
769	0	False	0.085809045
770	0	False	0.08930646
771	0	False	0.085809045
772	0	False	0.09174536
773	0	False	0.09174536
774	0	False	0.09258626
775	0	False	0.09174536
776	0	False	0.09258626
777	0	False	0.09174536
778	0	False	0.09704923
779	0	False	0.09903377
780	0	False	0.09174536
781	0	False	0.09258626
782	0	False	0.09258626
783	0	False	0.09360762
784	0	False	0.09669518
785	0	False	0.09685122
786	0	False	0.09683404
787	0	False	0.09794611
788	0	False	0.10378798
789	0	False	0.10939752
790	0	False	0.115207165
791	0	False	0.12893787
792	0	False	0.21378167
793	0	False	0.11161927
794	0	False	0.1405398
795	0	False	0.111945696
796	0	False	0.11520322
797	0	False	0.12199266
798	0	False	0.119210646
799	0	False	0.12436531
800	0	False	0.12581493
801	0	False	0.12999986
802	0	False	0.12453768
803	0	False	0.12813033
804	0	True	0.28395385
805	0	False	0.26483244
806	1	True	0.2820979
807	1	True	0.3616373
808	0	True	0.27566218
809	0	False	0.2223181
810	0	False	0.13347876
811	0	False	0.13039269
812	0	False	0.13039269
813	0	False	0.13129516
814	0	False	0.09885034
815	0	False	0.09885034
816	0	False	0.09795866
817	0	False	0.10199704
818	0	False	0.10261713
819	0	False	0.10129934
820	0	False	0.09325745
821	0	False	0.097392954
822	0	False	0.0957982
823	0	False	0.1235507
824	0	False	0.094276875
825	0	False	0.11130913
826	0	False	0.09360762
827	0	False	0.09360762
828	0	False	0.10634588
829	0	False	0.09360762
830	0	False	0.095718056
831	0	False	0.095777966
832	0	False	0.093876995
833	0	False	0.097780265
834	0	False	0.10207743
835	0	False	0.09258626
836	0	False	0.09258626
837	0	False	0.09258626
838	0	False	0.09258626
839	0	False	0.09258626
840	0	False	0.09258626
841	0	False	0.09360762
842	0	False	0.09258626
843	0	False	0.09258626
844	0	False	0.09174536
845	0	False	0.09174536
846	0	False	0.09362021
847	0	False	0.097402096
848	0	False	0.092205435
849	0	False	0.09258626
850	0	False	0.096330814
851	0	False	0.09174536
852	0	False	0.088280596
853	0	False	0.088280596
854	0	False	0.088280596
855	0	False	0.09239996
856	0	False	0.088280596
857	0	False	0.09549932
858	0	False	0.088280596
859	0	False	0.09135819
860	0	False	0.09493757
861	0	False	0.1033743
862	0	False	0.11977167
863	0	False	0.15589471
864	0	False	0.14975064
865	0	False	0.16376808
866	0	False	0.25767487
867	0	True	0.29866087
868	1	True	0.3358475
869	1	True	0.7543073
870	1	True	0.36061153
871	0	True	0.29174513
872	0	False	0.11170869
873	0	False	0.10517333
874	0	False	0.15480147
875	0	False	0.14427996
876	0	False	0.14002275
877	0	False	0.13730678
878	0	False	0.12258716
879	0	False	0.11962406
880	0	False	0.09854719
881	0	False	0.09854719
882	0	False	0.1138364
883	0	False	0.092836514
884	0	False	0.09825665
885	0	False	0.09385159
886	0	False	0.09408752
887	0	False	0.090312995
888	0	False	0.08850986
889	0	False	0.08822299
890	0	False	0.088280596
891	0	False	0.095091686
892	0	False	0.09139043
893	0	False	0.088280596
894	0	False	0.08747502
895	0	False	0.09028287
896	0	False	0.08747502
897	0	False	0.09363613
898	0	False	0.08747502
899	0	False	0.088280596
900	0	False	0.10499288
901	0	False	0.08925914
902	0	False	0.09028287
903	0	False	0.090339735
904	0	False	0.08951721
905	0	False	0.0974045
906	0	False	0.09649794
907	0	False	0.09139043
908	0	False	0.09239996
909	0	False	0.088280596
910	0	False	0.088280596
911	0	False	0.085763924
912	0	False	0.085763924
913	0	False	0.09055932
914	0	False	0.08747502
915	0	False	0.08497917
916	0	False	0.08497917
917	0	False	0.09181134
918	0	False	0.08844605
919	0	False	0.082944624
920	0	False	0.08497917
921	0	False	0.08798396
922	0	False	0.088388
923	0	False	0.088388
924	0	False	0.089201145
925	0	False	0.089201145
926	0	False	0.089201145
927	0	False	0.089201145
928	0	False	0.09437322
929	0	False	0.095437706
930	0	False	0.089201145
931	0	False	0.089201145
932	0	False	0.089201145
933	0	False	0.09018888
934	0	False	0.089201145
935	0	False	0.09882088
936	0	False	0.10377483
937	0	False	0.10253391
938	0	False	0.09784749
939	0	False	0.11125971
940	0	False	0.14381498
941	0	False	0.15479505
942	0	False	0.16110714
943	0	False	0.113769025
944	0	False	0.10918824
945	0	False	0.14852431
946	0	False	0.113049045
947	0	False	0.13487442
948	0	False	0.13223845
949	0	False	0.15503289
950	0	False	0.16045566
951	0	False	0.13691662
952	0	False	0.1342515
953	1	False	0.16181733
954	1	False	0.21972874
955	0	False	0.24209167
956	0	False	0.24209167
957	1	True	0.37036276
958	0	False	0.2341196
959	0	False	0.15142694
960	0	False	0.15821142
961	0	False	0.15953662
962	0	False	0.11289364
963	0	False	0.11289364
964	0	False	0.107426845
965	0	False	0.10148339
966	0	False	0.10614739
967	0	False	0.10591268
968	0	False	0.100490324
969	0	False	0.09784749
970	0	False	0.0967848
971	0	False	0.11167469
972	0	False	0.098101825
973	0	False	0.10917008
974	0	False	0.09315575
975	0	False	0.101579174
976	0	False	0.11248732
977	0	False	0.089201145
978	0	False	0.09122224
979	0	False	0.09127961
980	0	False	0.09610729
981	0	False	0.095086224
982	0	False	0.09838291
983	0	False	0.089201145
984	0	False	0.089201145
985	0	False	0.089201145
986	0	False	0.089201145
987	0	False	0.088388
988	0	False	0.089201145
989	0	False	0.089201145
990	0	False	0.089201145
991	0	False	0.089201145
992	0	False	0.089201145
993	0	False	0.089201145
994	0	False	0.088388
995	0	False	0.09832615
996	0	False	0.08883289
997	0	False	0.089201145
998	0	False	0.092822805
999	0	False	0.089201145
1000	0	False	0.092162214
1001	0	False	0.092162214
1002	0	False	0.092162214
1003	0	False	0.093006566
1004	0	False	0.092162214
1005	0	False	0.092162214
1006	0	False	0.097487606
1007	0	False	0.0994801
1008	0	False	0.092162214
1009	0	False	0.092162214
1010	0	False	0.092162214
1011	0	False	0.092162214
1012	0	False	0.092162214
1013	0	False	0.092162214
1014	0	False	0.092162214
1015	0	False	0.09689922
1016	0	False	0.092162214
1017	0	False	0.093006566
1018	0	False	0.09403209
1019	0	False	0.102534406
1020	0	False	0.1100338
1021	0	False	0.09424346
1022	0	False	0.09178298
1023	0	False	0.09178298
1024	0	False	0.09403209
1025	0	False	0.092162214
1026	0	False	0.092162214
1027	0	False	0.093027785
1028	0	False	0.10299645
1029	0	False	0.09403209
1030	0	False	0.09403209
1031	0	False	0.092162214
1032	0	False	0.09403209
1033	0	False	0.092162214
1034	0	False	0.092162214
1035	0	False	0.093006566
1036	0	False	0.093006566
1037	0	False	0.09615106
1038	0	False	0.09403209
1039	0	False	0.096836574
1040	0	False	0.102143645
1041	0	False	0.102143645
1042	0	False	0.14547123
1043	0	False	0.2035643
1044	0	False	0.22346964
1045	0	False	0.13248444
1046	0	False	0.13433467
1047	0	False	0.12493307
1048	0	False	0.1084886
1049	0	False	0.13512437
1050	0	False	0.118643954
1051	0	False	0.1136022
1052	0	False	0.14969686
1053	0	False	0.12273645
1054	0	False	0.23739202
1055	0	False	0.14220378
1056	0	True	0.2866132
1057	1	True	0.4365093
1058	0	False	0.20684767
1059	0	False	0.23674342
1060	0	False	0.16851562
1061	0	False	0.18054801
1062	0	False	0.1708771
1063	0	False	0.14999023
1064	0	False	0.14654808
1065	0	False	0.13587628
1066	0	False	0.13587628
1067	0	False	0.13009095
1068	0	False	0.10087789
1069	0	False	0.11107513
1070	0	False	0.15174295
1071	0	False	0.1503659
1072	0	False	0.12489673
1073	0	False	0.11934789
1074	0	False	0.09404472
1075	0	False	0.10002509
1076	0	False	0.09738994
1077	0	False	0.10743702
1078	0	False	0.09676629
1079	0	False	0.093006566
1080	0	False	0.08792813
1081	0	False	0.08792813
1082	0	False	0.08792813
1083	0	False	0.08792813
1084	0	False	0.08873746
1085	0	False	0.08873746
1086	0	False	0.094919614
1087	0	False	0.09598961
1088	0	False	0.08972056
1089	0	False	0.092736855
1090	0	False	0.094617166
1091	0	False	0.10787969
1092	0	False	0.10787969
1093	0	False	0.14077519
1094	0	False	0.15726167
1095	0	False	0.15378045
1096	0	False	0.17704394
1097	1	False	0.24138501
1098	1	False	0.25478548
1099	1	True	0.28389296
1100	1	True	0.3991493
1101	0	False	0.26323062
1102	0	True	0.29355478
1103	0	False	0.20705657
1104	1	False	0.19386044
1105	0	False	0.17023009
1106	0	False	0.17888415
1107	0	False	0.18936029
1108	0	False	0.17772911
1109	0	False	0.17443012
1110	0	False	0.15903111
1111	0	False	0.12369812
1112	0	False	0.12433766
1113	0	False	0.12433766
1114	0	False	0.11006569
1115	0	False	0.1231198
1116	1	False	0.14364576
1117	0	False	0.12216171
1118	0	False	0.11251213
1119	0	False	0.10787969
1120	0	False	0.10787969
1121	0	False	0.09534918
1122	0	False	0.092096135
1123	0	False	0.092096135
1124	0	False	0.092096135
1125	0	False	0.09225127
1126	0	False	0.101796925
1127	0	False	0.09150326
1128	0	False	0.08873746
1129	0	False	0.08873746
1130	0	False	0.08873746
1131	0	False	0.08927763
1132	0	False	0.08792813
1133	0	False	0.092597336
1134	0	False	0.08873746
1135	0	False	0.08972056
1136	0	False	0.09997871
1137	0	False	0.08873746
1138	0	False	0.08927763
1139	0	False	0.090806186
1140	0	False	0.090806186
1141	0	False	0.09459511
1142	0	False	0.097876616
1143	0	False	0.08873746
1144	0	False	0.08873746
1145	0	False	0.08873746
1146	0	False	0.08873746
1147	0	False	0.08873746
1148	0	False	0.08873746
1149	0	False	0.08873746
1150	0	False	0.08873746
1151	0	False	0.08873746
1152	0	False	0.08792813
1153	0	False	0.08792813
1154	0	False	0.08792813
1155	0	False	0.09150326
1156	0	False	0.09235668
1157	0	False	0.08873746
1158	0	False	0.0923422
1159	0	False	0.08792813
1160	0	False	0.087125205
1161	0	False	0.087125205
1162	0	False	0.08632918
1163	0	False	0.08937703
1164	0	False	0.087125205
1165	0	False	0.08632918
1166	0	False	0.092189096
1167	0	False	0.093231484
1168	0	False	0.08632918
1169	0	False	0.087125205
1170	0	False	0.087125205
1171	0	False	0.08632918
1172	0	False	0.08632918
1173	0	False	0.08632918
1174	0	False	0.08913361
1175	0	False	0.08913361
1176	0	False	0.08970882
1177	0	False	0.10256903
1178	0	False	0.09121275
1179	0	False	0.09692219
1180	0	False	0.13319814
1181	0	False	0.09807513
1182	0	False	0.09909315
1183	0	False	0.09376899
1184	0	False	0.09484299
1185	0	False	0.093537636
1186	0	False	0.09484299
1187	0	False	0.10415322
1188	0	False	0.10902735
1189	0	False	0.10422833
1190	0	False	0.10319221
1191	0	False	0.10426239
1192	0	False	0.14313847
1193	0	False	0.11279923
1194	0	False	0.11279923
1195	0	False	0.12417351
1196	0	False	0.15581694
1197	1	False	0.16498572
1198	0	False	0.13750057
1199	0	False	0.12558335
1200	0	False	0.1994501
1201	0	False	0.20785916
1202	0	False	0.23133294
1203	0	False	0.12239392
1204	0	False	0.12526193
1205	0	False	0.124543756
1206	0	False	0.12094757
1207	0	False	0.10902395
1208	0	False	0.11046219
1209	0	False	0.10526551
1210	0	False	0.09398248
1211	0	False	0.10000371
1212	0	False	0.13840543
1213	0	False	0.10750618
1214	0	False	0.119583905
1215	0	False	0.113706514
1216	0	False	0.09162749
1217	0	False	0.12531272
1218	0	False	0.10521572
1219	0	False	0.11042143
1220	0	False	0.104954
1221	0	False	0.08916003
1222	0	False	0.097198695
1223	0	False	0.09611584
1224	0	False	0.091196045
1225	0	False	0.09019838
1226	0	False	0.088092186
1227	0	False	0.088092186
1228	0	False	0.087125205
1229	0	False	0.087125205
1230	0	False	0.087125205
1231	0	False	0.091196045
1232	0	False	0.088092186
1233	0	False	0.087125205
1234	0	False	0.087125205
1235	0	False	0.08937703
1236	0	False	0.089845724
1237	0	False	0.084265284
1238	0	False	0.087125205
1239	0	False	0.09385635
1240	0	False	0.08937703
1241	0	False	0.0852011
1242	0	False	0.0852011
1243	0	False	0.0852011
1244	0	False	0.0852011
1245	0	False	0.08442102
1246	0	False	0.0852011
1247	0	False	0.089343116
1248	0	False	0.092193484
1249	0	False	0.08614874
1250	0	False	0.090869844
1251	0	False	0.090869844
1252	0	False	0.09816606
1253	0	False	0.10264078
1254	0	False	0.110130355
1255	0	False	0.1161941
1256	0	False	0.124795474
1257	0	False	0.12563734
1258	0	False	0.13557346
1259	0	False	0.14072536
1260	0	False	0.14362487
1261	0	False	0.23437281
1262	0	False	0.14109898
1263	0	False	0.16994767
1264	0	False	0.19607675
1265	0	False	0.19279395
1266	0	False	0.17633855
1267	0	False	0.16542633
1268	0	False	0.14320062
1269	0	False	0.14014217
1270	0	False	0.13431962
1271	0	False	0.1393153
1272	0	False	0.123766236
1273	0	False	0.101062454
1274	0	False	0.101062454
1275	0	False	0.112631164
1276	0	False	0.12507863
1277	0	False	0.11304746
1278	0	False	0.10528722
1279	0	False	0.09462029
1280	0	False	0.10264078
1281	0	False	0.10264078
1282	0	False	0.092065044
1283	0	False	0.0890567
1284	0	False	0.08763204
1285	0	False	0.08763204
1286	0	False	0.088588476
1287	0	False	0.087871045
1288	0	False	0.08965864
1289	0	False	0.08614874
1290	0	False	0.08442102
1291	0	False	0.0852011
1292	0	False	0.08714021
1293	0	False	0.08614874
1294	0	False	0.09138788
1295	0	False	0.08614874
1296	0	False	0.08442102
1297	0	False	0.09691766
1298	0	False	0.08442102
1299	0	False	0.08634407
1300	0	False	0.08639867
1301	0	False	0.08639867
1302	0	False	0.090848595
1303	0	False	0.09401363
1304	0	False	0.08442102
1305	0	False	0.08442102
1306	0	False	0.08614874
1307	0	False	0.08614874
1308	0	False	0.0852011
1309	0	False	0.08442102
1310	0	False	0.0852011
1311	0	False	0.0852011
1312	0	False	0.0852011
1313	0	False	0.0852011
1314	0	False	0.0852011
1315	0	False	0.08442102
1316	0	False	0.08967075
1317	0	False	0.08407068
1318	0	False	0.0852011
1319	0	False	0.08867615
1320	0	False	0.08442102
1321	0	False	0.08814268
1322	0	False	0.08814268
1323	0	False	0.08814268
1324	0	False	0.09191056
1325	0	False	0.08773314
1326	0	False	0.10947419
1327	0	False	0.096426845
1328	0	False	0.18266132
1329	0	False	0.10810033
1330	0	False	0.13360766
1331	0	False	0.12471689
1332	0	False	0.22913906
1333	0	False	0.19827001
1334	0	False	0.109544575
1335	0	False	0.09437741
1336	0	False	0.09279396
1337	0	False	0.09608233
1338	0	False	0.09841805
1339	0	False	0.0987418
1340	0	False	0.10432794
1341	0	False	0.12565134
1342	0	False	0.09381718
1343	0	False	0.09819768
1344	0	False	0.10078775
1345	0	False	0.094299294
1346	0	False	0.090635635
1347	0	False	0.09350465
1348	0	False	0.08915928
1349	0	False	0.095650494
1350	0	False	0.09080878
1351	0	False	0.09640866
1352	0	False	0.087175205
1353	0	False	0.08960386
1354	0	False	0.08960386
1355	0	False	0.08814268
1356	0	False	0.08814268
1357	0	False	0.09014214
1358	0	False	0.08814268
1359	0	False	0.08637875
1360	0	False	0.08637875
1361	0	False	0.0903676
1362	0	False	0.08637875
1363	0	False	0.08637875
1364	0	False	0.087175205
1365	0	False	0.087557346
1366	0	False	0.08637875
1367	0	False	0.08989713
1368	0	False	0.08637875
1369	0	False	0.087175205
1370	0	False	0.087175205
1371	0	False	0.0883421
1372	0	False	0.08637875
1373	0	False	0.09247046
1374	0	False	0.087175205
1375	0	False	0.087175205
1376	0	False	0.09913382
1377	0	False	0.08637875
1378	0	False	0.0883421
1379	0	False	0.088397846
1380	0	False	0.088397846
1381	0	False	0.092096455
1382	0	False	0.096170455
1383	0	False	0.087175205
1384	0	False	0.08637875
1385	0	False	0.087175205
1386	0	False	0.087175205
1387	0	False	0.08637875
1388	0	False	0.08637875
1389	0	False	0.08637875
1390	0	False	0.08637875
1391	0	False	0.08637875
1392	0	False	0.087175205
1393	0	False	0.087175205
1394	0	False	0.08815461
1395	0	False	0.090722784
1396	0	False	0.08681452
1397	0	False	0.087175205
1398	0	False	0.08989713
1399	0	False	0.08637875
1400	1	True	0.75955945
1401	0	False	0.08477256
1402	0	False	0.08399606
1403	0	False	0.08477256
1404	0	False	0.08883974
1405	0	False	0.08477256
1406	0	False	0.08670285
1407	0	False	0.08399606
1408	0	False	0.08399606
1409	0	False	0.08593129
1410	0	False	0.08399606
1411	0	False	0.08399606
1412	0	False	0.08399606
1413	0	False	0.08477256
1414	0	False	0.08477256
1415	0	False	0.08477256
1416	0	False	0.08399606
1417	0	False	0.08399606
1418	0	False	0.08399606
1419	0	False	0.08477256
1420	0	False	0.08399606
1421	0	False	0.08477256
1422	0	False	0.0884935
1423	0	False	0.08399606
1424	0	False	0.08399606
1425	0	False	0.08591032
1426	0	False	0.08399606
1427	0	False	0.08593129
1428	0	False	0.08477256
1429	0	False	0.08477256
1430	0	False	0.08477256
1431	0	False	0.08399606
1432	0	False	0.085715875
1433	0	False	0.085715875
1434	0	False	0.08477256
1435	0	False	0.08399606
1436	0	False	0.08399606
1437	0	False	0.08593129
1438	0	False	0.08477256
1439	0	False	0.08477256
1440	0	False	0.089209884
1441	0	False	0.085715875
1442	0	False	0.085715875
1443	0	False	0.085715875
1444	0	False	0.085715875
1445	0	False	0.08477256
1446	0	False	0.08670285
1447	0	False	0.08477256
1448	0	False	0.085715875
1449	0	False	0.085715875
1450	0	False	0.08477256
1451	0	False	0.09155614
1452	0	False	0.08477256
1453	0	False	0.08634394
1454	0	False	0.08477256
1455	0	False	0.08742665
1456	0	False	0.083647326
1457	0	False	0.085715875
1458	0	False	0.088400416
1459	0	False	0.090947285
1460	0	False	0.09707464
1461	0	False	0.09856444
1462	0	False	0.09343201
1463	0	False	0.09813757
1464	0	False	0.09806347
1465	0	False	0.10100022
1466	0	False	0.10100022
1467	0	False	0.09288974
1468	0	False	0.10187835
1469	0	False	0.102500446
1470	0	False	0.09400397
1471	0	False	0.09400397
1472	0	False	0.10985033
1473	0	False	0.10748765
1474	0	False	0.11561221
1475	0	False	0.12073689
1476	0	False	0.13686131
1477	0	False	0.24397318
1478	0	False	0.14275025
1479	0	False	0.20999731
1480	0	False	0.22236466
1481	0	False	0.12122955
1482	0	False	0.12107381
1483	0	False	0.17277008
1484	0	False	0.11281202
1485	0	False	0.17887527
1486	0	False	0.22115427
1487	0	True	0.27391043
1488	0	False	0.21210524
1489	0	False	0.16998239
1490	0	False	0.173364
1491	0	False	0.12680785
1492	0	False	0.12068389
1493	0	False	0.1189985
1494	0	False	0.11129128
1495	0	False	0.09472347
1496	0	False	0.09527377
1497	0	False	0.08906257
1498	0	False	0.08906257
1499	0	False	0.08906257
1500	0	False	0.089881316
1501	0	False	0.089881316
1502	0	False	0.088610634
1503	0	False	0.088610634
1504	0	False	0.088610634
1505	0	False	0.08814456
1506	0	False	0.08814456
1507	0	False	0.08799566
1508	0	False	0.08814456
1509	0	False	0.08663183
1510	0	False	0.08394099
1511	0	False	0.095838144
1512	0	False	0.08585411
1513	0	False	0.087838225
1514	0	False	0.085715875
1515	0	False	0.08477256
1516	0	False	0.085715875
1517	0	False	0.085715875
1518	0	False	0.08477256
1519	0	False	0.08477256
1520	0	False	0.08399606
1521	0	False	0.08477256
1522	0	False	0.08477256
1523	0	False	0.08477256
1524	0	False	0.08477256
1525	0	False	0.08477256
1526	0	False	0.08477256
1527	0	False	0.08477256
1528	0	False	0.08477256
1529	0	False	0.08477256
1530	0	False	0.08399606
1531	0	False	0.08514517
1532	0	False	0.08600728
1533	0	False	0.08600728
1534	0	False	0.08600728
1535	0	False	0.09095544
1536	0	False	0.08522052
1537	0	False	0.087160036
1538	0	False	0.08522052
1539	0	False	0.08600728
1540	0	False	0.087181285
1541	0	False	0.08522052
1542	0	False	0.08522052
1543	0	False	0.08696303
1544	0	False	0.08522052
1545	0	False	0.08522052
1546	0	False	0.08522052
1547	0	False	0.08600728
1548	0	False	0.08600728
1549	0	False	0.08600728
1550	0	False	0.08522052
1551	0	False	0.08600728
1552	0	False	0.08600728
1553	0	False	0.089777105
1554	0	False	0.08522052
1555	0	False	0.08600728
1556	0	False	0.087962985
1557	0	False	0.08600728
1558	0	False	0.086384796
1559	0	False	0.08600728
1560	0	False	0.08600728
1561	0	False	0.08600728
1562	0	False	0.08600728
1563	0	False	0.08696303
1564	0	False	0.08696303
1565	0	False	0.08600728
1566	0	False	0.08696303
1567	0	False	0.08600728
1568	0	False	0.087181285
1569	0	False	0.08600728
1570	0	False	0.105567075
1571	0	False	0.10367071
1572	0	False	0.09727377
1573	0	False	0.100608304
1574	0	False	0.09068351
1575	0	False	0.108040854
1576	0	False	0.089165166
1577	0	False	0.09584449
1578	0	False	0.09584449
1579	0	False	0.089165166
1580	0	False	0.11282452
1581	0	False	0.092240386
1582	0	False	0.10784509
1583	0	False	0.1052238
1584	0	False	0.10763868
1585	0	False	0.1082138
1586	0	False	0.10565503
1587	0	False	0.11622014
1588	0	False	0.11198192
1589	0	False	0.13935821
1590	0	False	0.14649932
1591	0	False	0.18107755
1592	1	False	0.26543942
1593	0	True	0.26745728
1594	0	False	0.22550488
1595	0	False	0.24045274
1596	0	False	0.24534102
1597	0	False	0.13453726
1598	0	False	0.12861288
1599	0	False	0.1101455
1600	0	False	0.10832749
1601	0	False	0.11867416
1602	0	False	0.12391557
1603	0	False	0.13631006
1604	0	False	0.20761612
1605	0	False	0.11686316
1606	0	False	0.19185676
1607	0	False	0.21279922
1608	0	False	0.09631307
1609	0	False	0.09402208
1610	0	False	0.17204663
1611	0	False	0.10497716
1612	0	False	0.102113076
1613	0	False	0.089165166
1614	0	False	0.100820504
1615	0	False	0.09488658
1616	0	False	0.114685506
1617	0	False	0.12025388
1618	0	False	0.102182224
1619	0	False	0.105762854
1620	0	False	0.09937453
1621	0	False	0.100315504
1622	0	False	0.100258835
1623	0	False	0.10222906
1624	0	False	0.089408375
1625	0	False	0.09417235
1626	0	False	0.0888987
1627	0	False	0.09107736
1628	0	False	0.08696303
1629	0	False	0.08696303
1630	0	False	0.08600728
1631	0	False	0.08600728
1632	0	False	0.08522052
1633	0	False	0.08600728
1634	0	False	0.08600728
1635	0	False	0.08696303
1636	0	False	0.08696303
1637	0	False	0.08814882
1638	0	False	0.08522052
1639	0	False	0.09086917
1640	0	False	0.087160036
1641	0	False	0.08600728
1642	0	False	0.08600728
1643	0	False	0.08600728
1644	0	False	0.08600728
1645	0	False	0.08600728
1646	0	False	0.08689121
1647	0	False	0.0885659
1648	0	False	0.08522052
1649	0	False	0.08696303
1650	0	False	0.08696303
1651	0	False	0.08600728
1652	0	False	0.08522052
1653	0	False	0.08600728
1654	0	False	0.08600728
1655	0	False	0.08600728
1656	0	False	0.08522052
1657	0	False	0.08522052
1658	0	False	0.08522052
1659	0	False	0.086384796
1660	0	False	0.18844964
1661	0	False	0.18844964
1662	0	False	0.16933583
1663	0	False	0.18886888
1664	0	False	0.18999147
1665	0	False	0.19041336
1666	0	False	0.18826517
1667	0	False	0.18844964
1668	0	False	0.19073018
1669	0	False	0.1893398
1670	0	False	0.19591436
1671	0	False	0.18102627
1672	0	False	0.19591436
1673	0	False	0.194336
1674	0	False	0.18252105
1675	0	False	0.18102627
1676	0	False	0.18102627
1677	0	False	0.18999147
1678	0	False	0.19591436
1679	0	False	0.18252105
1680	0	False	0.19591436
1681	0	False	0.20342937
1682	0	False	0.1867341
1683	0	False	0.18826517
1684	0	False	0.18886888
1685	0	False	0.1867341
1686	0	False	0.17854972
1687	0	False	0.18999147
1688	0	False	0.18999147
1689	0	False	0.18999147
1690	0	False	0.17629737
1691	0	False	0.17475371
1692	0	False	0.17475371
1693	0	False	0.19591436
1694	0	False	0.17638305
1695	0	False	0.18102627
1696	0	False	0.17143394
1697	0	False	0.18999147
1698	0	False	0.17882602
1699	0	False	0.16933583
1700	0	False	0.16933583
1701	0	False	0.17103153
1702	0	False	0.1562246
1703	0	False	0.18197702
1704	0	False	0.18197702
1705	0	False	0.1767813
1706	0	False	0.16933583
1707	0	False	0.18999147
1708	0	False	0.18252105
1709	0	False	0.17638305
1710	0	False	0.1835703
1711	0	False	0.16933583
1712	0	False	0.18001203
1713	0	False	0.16933583
1714	0	False	0.17882602
1715	0	False	0.17245899
1716	0	False	0.17475371
1717	0	False	0.17766103
1718	0	False	0.16118085
1719	0	False	0.16786243
1720	0	False	0.1475496
1721	0	False	0.14944507
1722	0	False	0.15924999
1723	0	False	0.13945813
1724	0	False	0.14062242
1725	0	False	0.14528228
1726	0	False	0.14694184
1727	0	False	0.15573488
1728	0	False	0.16857783
1729	0	False	0.14680599
1730	0	False	0.1516346
1731	0	False	0.15616047
1732	0	False	0.14110792
1733	0	False	0.1611785
1734	0	False	0.16427673
1735	0	False	0.17480913
1736	0	True	0.36899614
1737	0	False	0.2072086
1738	0	True	0.32672682
1739	1	True	0.37504172
1740	0	False	0.19051814
1741	0	False	0.18249501
1742	0	False	0.26509604
1743	0	False	0.15009212
1744	0	False	0.22341596
1745	0	False	0.2616375
1746	0	True	0.2955054
1747	1	True	0.4705671
1748	1	True	0.6177402
1749	0	True	0.40065047
1750	1	True	0.3909951
1751	0	True	0.37933335
1752	0	False	0.20583963
1753	0	False	0.19327697
1754	0	False	0.17777798
1755	0	False	0.14510646
1756	0	False	0.17495859
1757	0	False	0.1523349
1758	0	False	0.15379417
1759	0	False	0.164042
1760	0	False	0.16664466
1761	0	False	0.14806327
1762	0	False	0.1594212
1763	0	False	0.15525506
1764	0	False	0.14874558
1765	0	False	0.14874558
1766	0	False	0.15711142
1767	0	False	0.15265407
1768	0	False	0.16367333
1769	0	False	0.16680957
1770	0	False	0.18726377
1771	0	False	0.1779203
1772	0	False	0.17905222
1773	0	False	0.18824592
1774	0	False	0.19591436
1775	0	False	0.16933583
1776	0	False	0.18197702
1777	0	False	0.1562246
1778	0	False	0.15900289
1779	0	False	0.1562246
1780	0	False	0.17638305
1781	0	False	0.17638305
1782	0	False	0.18999147
1783	0	False	0.18252105
1784	0	False	0.18844964
1785	0	False	0.18844964
1786	0	False	0.18102627
1787	0	False	0.194336
1788	0	False	0.18102627
1789	0	False	0.18102627
1790	0	False	0.18323727
1791	0	False	0.08580243
1792	0	False	0.08580243
1793	0	False	0.08580243
1794	0	False	0.09073997
1795	0	False	0.08580243
1796	0	False	0.08775392
1797	0	False	0.08580243
1798	0	False	0.08501737
1799	0	False	0.0869739
1800	0	False	0.08580243
1801	0	False	0.08675611
1802	0	False	0.08675611
1803	0	False	0.08580243
1804	0	False	0.08580243
1805	0	False	0.08675611
1806	0	False	0.08675611
1807	0	False	0.08501737
1808	0	False	0.08580243
1809	0	False	0.08501737
1810	0	False	0.08580243
1811	0	False	0.08956415
1812	0	False	0.08580243
1813	0	False	0.08580243
1814	0	False	0.0887272
1815	0	False	0.08675611
1816	0	False	0.0869739
1817	0	False	0.08675611
1818	0	False	0.08580243
1819	0	False	0.08580243
1820	0	False	0.0866994
1821	0	False	0.08962117
1822	0	False	0.089470044
1823	0	False	0.095727116
1824	0	False	0.090713166
1825	0	False	0.0915072
1826	0	False	0.09834293
1827	0	False	0.15901762
1828	0	False	0.14726137
1829	0	False	0.13289273
1830	0	False	0.12653904
1831	0	False	0.1429916
1832	0	False	0.14169803
1833	0	False	0.14187485
1834	0	False	0.20792104
1835	0	False	0.17308204
1836	0	False	0.17992525
1837	0	False	0.1521513
1838	0	False	0.1689257
1839	1	False	0.18727873
1840	0	False	0.21305789
1841	0	False	0.25940946
1842	0	False	0.26055875
1843	0	True	0.31713322
1844	1	True	0.3294043
1845	0	True	0.2939363
1846	0	False	0.15502453
1847	0	False	0.15376002
1848	0	False	0.10509695
1849	0	False	0.109197766
1850	0	False	0.109197766
1851	0	False	0.113299124
1852	0	False	0.10261486
1853	0	False	0.15860851
1854	0	False	0.104205765
1855	0	False	0.104205765
1856	0	False	0.101496436
1857	0	False	0.104205765
1858	0	False	0.1099334
1859	0	False	0.11217831
1860	0	False	0.103697516
1861	0	False	0.12191029
1862	0	False	0.0942436
1863	0	False	0.12208004
1864	0	False	0.12597255
1865	0	False	0.09197239
1866	0	False	0.09197239
1867	0	False	0.111698195
1868	0	False	0.09013943
1869	0	False	0.08824888
1870	0	False	0.089470044
1871	0	False	0.0866994
1872	0	False	0.08675611
1873	0	False	0.09174304
1874	0	False	0.08675611
1875	0	False	0.08675611
1876	0	False	0.08675611
1877	0	False	0.08675611
1878	0	False	0.090359546
1879	0	False	0.08675611
1880	0	False	0.08675611
1881	0	False	0.08675611
1882	0	False	0.08675611
1883	0	False	0.08983698
1884	0	False	0.09617675
1885	0	False	0.08675611
1886	0	False	0.08675611
1887	0	False	0.08501737
1888	0	False	0.08501737
1889	0	False	0.08580243
1890	0	False	0.08501737
1891	0	False	0.08501737
1892	0	False	0.08675611
1893	0	False	0.08675611
1894	0	False	0.08617913
1895	0	False	0.08580243
1896	0	False	0.09148579
1897	0	False	0.08775392
1898	0	False	0.08501737
1899	0	False	0.08501737
1900	0	False	0.08580243
1901	0	False	0.08580243
1902	0	False	0.08580243
1903	0	False	0.08675611
1904	0	False	0.08675611
1905	0	False	0.08580243
1906	0	False	0.08580243
1907	0	False	0.08580243
1908	0	False	0.08580243
1909	0	False	0.08501737
1910	0	False	0.08501737
1911	0	False	0.08501737
1912	0	False	0.08580243
1913	0	False	0.08580243
1914	0	False	0.08580243
1915	0	False	0.08617913
1916	0	False	0.09577094
1917	0	False	0.09577094
1918	0	False	0.09577094
1919	0	False	0.102324486
1920	0	False	0.09577094
1921	0	False	0.09792488
1922	0	False	0.09577094
1923	0	False	0.09490415
1924	0	False	0.09618681
1925	0	False	0.09577094
1926	0	False	0.09490415
1927	0	False	0.09490415
1928	0	False	0.09577094
1929	0	False	0.09490415
1930	0	False	0.09577094
1931	0	False	0.09490415
1932	0	False	0.09490415
1933	0	False	0.09490415
1934	0	False	0.09577094
1935	0	False	0.09490415
1936	0	False	0.09577094
1937	0	False	0.099921934
1938	0	False	0.09490415
1939	0	False	0.09577094
1940	0	False	0.09792488
1941	0	False	0.09577094
1942	0	False	0.097064085
1943	0	False	0.09577094
1944	0	False	0.09577094
1945	0	False	0.09577094
1946	0	False	0.09577094
1947	0	False	0.09577094
1948	0	False	0.09577094
1949	0	False	0.09577094
1950	0	False	0.09490415
1951	0	False	0.09490415
1952	0	False	0.097064085
1953	0	False	0.09577094
1954	0	False	0.100720614
1955	0	False	0.09682369
1956	0	False	0.09682369
1957	0	False	0.09682369
1958	0	False	0.09511895
1959	0	False	0.09511895
1960	0	False	0.09577094
1961	0	False	0.09899872
1962	0	False	0.09577094
1963	0	False	0.09577094
1964	0	False	0.09577094
1965	0	False	0.09577094
1966	0	False	0.09577094
1967	0	False	0.097957276
1968	0	False	0.10134751
1969	0	False	0.10346556
1970	0	False	0.10483157
1971	0	False	0.107142195
1972	0	False	0.10112951
1973	0	False	0.100670755
1974	0	False	0.098905675
1975	0	False	0.107368015
1976	0	False	0.1046019
1977	0	False	0.10297117
1978	0	False	0.113118485
1979	0	False	0.11226515
1980	0	False	0.113949075
1981	0	False	0.115453966
1982	0	False	0.10319729
1983	0	False	0.13544938
1984	0	False	0.14493722
1985	0	False	0.12663738
1986	0	False	0.12663738
1987	0	False	0.13136141
1988	0	False	0.13174987
1989	0	False	0.1508503
1990	0	False	0.15725924
1991	0	False	0.168119
1992	0	True	0.28453273
1993	0	False	0.16738595
1994	0	False	0.25939724
1995	1	True	0.37954336
1996	0	False	0.26079437
1997	0	True	0.27141026
1998	0	True	0.5264681
1999	0	True	0.28893703
2000	0	False	0.15197128
2001	0	False	0.12408285
2002	0	False	0.13136141
2003	0	False	0.15744531
2004	0	False	0.18147555
2005	0	False	0.162499
2006	0	False	0.13288286
2007	0	False	0.1404315
2008	0	False	0.14140657
2009	0	False	0.124688745
2010	0	False	0.12205166
2011	0	False	0.11241558
2012	0	False	0.100670755
2013	0	False	0.09958079
2014	0	False	0.09751345
2015	0	False	0.09751345
2016	0	False	0.09751345
2017	0	False	0.09577094
2018	0	False	0.09490415
2019	0	False	0.09490415
2020	0	False	0.09490415
2021	0	False	0.09577094
2022	0	False	0.09577094
2023	0	False	0.09577094
2024	0	False	0.09577094
2025	0	False	0.09812951
2026	0	False	0.09577094
2027	0	False	0.1020409
2028	0	False	0.09792488
2029	0	False	0.09490415
2030	0	False	0.09577094
2031	0	False	0.09577094
2032	0	False	0.09577094
2033	0	False	0.09577094
2034	0	False	0.09577094
2035	0	False	0.09577094
2036	0	False	0.09577094
2037	0	False	0.09577094
2038	0	False	0.09577094
2039	0	False	0.09577094
2040	0	False	0.09577094
2041	0	False	0.09490415
2042	0	False	0.09490415
2043	0	False	0.09490415
2044	0	False	0.09490415
2045	0	False	0.09490415
2046	0	False	0.09490415
2047	0	False	0.09618681
2048	0	False	0.09682743
2049	0	False	0.09682743
2050	0	False	0.105618775
2051	0	False	0.09595207
2052	0	False	0.10219812
2053	0	False	0.10020525
2054	0	False	0.09595207
2055	0	False	0.098133266
2056	0	False	0.09930273
2057	0	False	0.09682743
2058	0	False	0.10020525
2059	0	False	0.09930273
2060	0	False	0.09595207
2061	0	False	0.09682743
2062	0	False	0.09682743
2063	0	False	0.09682743
2064	0	False	0.10020525
2065	0	False	0.09595207
2066	0	False	0.10020525
2067	0	False	0.10452623
2068	0	False	0.09930273
2069	0	False	0.10020525
2070	0	False	0.10312394
2071	0	False	0.10020525
2072	0	False	0.09724739
2073	0	False	0.09682743
2074	0	False	0.09682743
2075	0	False	0.09682743
2076	0	False	0.09682743
2077	0	False	0.10020525
2078	0	False	0.10020525
2079	0	False	0.09682743
2080	0	False	0.09682743
2081	0	False	0.098133266
2082	0	False	0.09682743
2083	0	False	0.10422254
2084	0	False	0.09682743
2085	0	False	0.09682743
2086	0	False	0.10020525
2087	0	False	0.10315892
2088	0	False	0.12445631
2089	0	False	0.10164
2090	0	False	0.095391795
2091	0	False	0.09850635
2092	0	False	0.09850635
2093	0	False	0.1064981
2094	0	False	0.10072646
2095	0	False	0.12808189
2096	0	False	0.111561105
2097	0	False	0.10623331
2098	0	False	0.10290355
2099	0	False	0.11387537
2100	0	False	0.109535694
2101	0	False	0.11000347
2102	0	False	0.1209738
2103	0	False	0.1386457
2104	0	False	0.13719764
2105	0	False	0.12503166
2106	0	False	0.12503166
2107	0	False	0.120882995
2108	0	False	0.15041035
2109	0	False	0.16600034
2110	0	False	0.1894597
2111	0	False	0.1746761
2112	0	False	0.20878069
2113	0	False	0.24723394
2114	0	True	0.29893124
2115	0	True	0.2977809
2116	0	True	0.33767667
2117	0	False	0.20727856
2118	0	False	0.22755496
2119	0	False	0.20604682
2120	0	False	0.14225428
2121	0	False	0.12646042
2122	0	False	0.18388452
2123	0	False	0.2147129
2124	0	False	0.21157181
2125	0	False	0.17066494
2126	0	False	0.17253298
2127	0	False	0.15719213
2128	0	False	0.122097254
2129	0	False	0.12439918
2130	0	False	0.114594735
2131	0	False	0.104358114
2132	0	False	0.11135676
2133	0	False	0.10020525
2134	0	False	0.09682743
2135	0	False	0.10020525
2136	0	False	0.09595207
2137	0	False	0.09682743
2138	0	False	0.10020525
2139	0	False	0.09682743
2140	0	False	0.09682743
2141	0	False	0.10020525
2142	0	False	0.09682743
2143	0	False	0.098133266
2144	0	False	0.09682743
2145	0	False	0.10315866
2146	0	False	0.106695525
2147	0	False	0.09682743
2148	0	False	0.10020525
2149	0	False	0.09930273
2150	0	False	0.09682743
2151	0	False	0.10020525
2152	0	False	0.09682743
2153	0	False	0.09682743
2154	0	False	0.09682743
2155	0	False	0.09682743
2156	0	False	0.09682743
2157	0	False	0.09682743
2158	0	False	0.09682743
2159	0	False	0.09682743
2160	0	False	0.09930273
2161	0	False	0.09595207
2162	0	False	0.09595207
2163	0	False	0.09724739
2164	1	False	0.12890528
2165	1	True	0.55086607
2166	0	False	0.09611394
2167	0	False	0.09611394
2168	0	False	0.09611394
2169	0	False	0.09611394
2170	0	False	0.09611394
2171	0	False	0.09611394
2172	0	False	0.09611394
2173	0	False	0.09611394
2174	0	False	0.09699062
2175	0	False	0.09699062
2176	0	False	0.09611394
2177	0	False	0.09611394
2178	0	False	0.100730345
2179	0	False	0.09998545
2180	0	False	0.09611394
2181	0	False	0.09611394
2182	0	False	0.09611394
2183	0	False	0.09611394
2184	0	False	0.09611394
2185	0	False	0.09611394
2186	0	False	0.09611394
2187	0	False	0.09611394
2188	0	False	0.09611394
2189	0	False	0.09611394
2190	0	False	0.09611394
2191	0	False	0.09699062
2192	0	False	0.09699062
2193	0	False	0.09699062
2194	0	False	0.10089348
2195	0	False	0.09699062
2196	0	False	0.09611394
2197	0	False	0.09611394
2198	0	False	0.09611394
2199	0	False	0.09611394
2200	0	False	0.10089348
2201	0	False	0.09699062
2202	0	False	0.11129005
2203	0	False	0.09611394
2204	0	False	0.09611394
2205	0	False	0.09611394
2206	0	False	0.09611394
2207	0	False	0.09611394
2208	0	False	0.09611394
2209	0	False	0.09611394
2210	0	False	0.097984314
2211	0	False	0.09611394
2212	0	False	0.10118854
2213	0	False	0.104428545
2214	0	False	0.09699062
2215	0	False	0.09611394
2216	0	False	0.09699062
2217	0	False	0.09611394
2218	0	False	0.09611394
2219	0	False	0.09611394
2220	0	False	0.10134198
2221	0	False	0.09699062
2222	0	False	0.09699062
2223	0	False	0.09699062
2224	0	False	0.09611394
2225	0	False	0.09699062
2226	0	False	0.09699062
2227	0	False	0.09699062
2228	0	False	0.09699062
2229	0	False	0.09699062
2230	0	False	0.09699062
2231	0	False	0.09611394
2232	0	False	0.09945208
2233	0	False	0.10328638
2234	0	False	0.10417785
2235	0	False	0.120677285
2236	0	False	0.11448619
2237	0	False	0.111089945
2238	0	False	0.100843556
2239	0	False	0.13306402
2240	0	False	0.12162629
2241	0	False	0.1123855
2242	0	False	0.1123855
2243	0	False	0.12539983
2244	0	False	0.12124304
2245	0	False	0.14890155
2246	0	False	0.15342751
2247	0	True	0.46033695
2248	0	False	0.19350855
2249	0	True	0.27172908
2250	0	True	0.33948198
2251	0	True	0.2842956
2252	0	False	0.21306252
2253	0	False	0.16453582
2254	0	False	0.11385019
2255	0	False	0.09993592
2256	0	False	0.1126319
2257	0	False	0.1107462
2258	0	False	0.10454319
2259	0	False	0.09943485
2260	0	False	0.09611394
2261	0	False	0.09611394
2262	0	False	0.10619547
2263	0	False	0.09699062
2264	0	False	0.09611394
2265	0	False	0.09611394
2266	0	False	0.097411215
2267	0	False	0.10240381
2268	0	False	0.110452555
2269	0	False	0.09699062
2270	0	False	0.09611394
2271	0	False	0.09611394
2272	0	False	0.09699062
2273	0	False	0.09611394
2274	0	False	0.09699062
2275	0	False	0.09699062
2276	0	False	0.09611394
2277	0	False	0.09611394
2278	0	False	0.09699062
2279	0	False	0.09699062
2280	0	False	0.09699062
2281	0	False	0.09699062
2282	0	False	0.09699062
2283	0	False	0.09611394
2284	0	False	0.09887616
2285	0	False	0.09699062
2286	0	False	0.09611394
2287	0	False	0.09611394
2288	0	False	0.09699062
2289	0	False	0.09611394
2290	0	False	0.09611394
2291	0	False	0.09699062
2292	0	False	0.09611394
2293	0	False	0.09611394
2294	0	False	0.09611394
2295	0	False	0.09699062
2296	0	False	0.09611394
2297	0	False	0.09699062
2298	0	False	0.09699062
2299	0	False	0.09699062
2300	0	False	0.09611394
2301	0	False	0.09611394
2302	0	False	0.09611394
2303	0	False	0.098365076
2304	0	False	0.08512084
2305	0	False	0.08512084
2306	0	False	0.08512084
2307	0	False	0.08512084
2308	0	False	0.08512084
2309	0	False	0.08512084
2310	0	False	0.08512084
2311	0	False	0.08512084
2312	0	False	0.08512084
2313	0	False	0.08512084
2314	0	False	0.08512084
2315	0	False	0.08512084
2316	0	False	0.08705831
2317	0	False	0.08859295
2318	0	False	0.08512084
2319	0	False	0.08512084
2320	0	False	0.08512084
2321	0	False	0.08512084
2322	0	False	0.08512084
2323	0	False	0.08512084
2324	0	False	0.08590678
2325	0	False	0.08512084
2326	0	False	0.08512084
2327	0	False	0.08512084
2328	0	False	0.08512084
2329	0	False	0.08512084
2330	0	False	0.08512084
2331	0	False	0.08512084
2332	0	False	0.089407794
2333	0	False	0.08590678
2334	0	False	0.08590678
2335	0	False	0.08512084
2336	0	False	0.08512084
2337	0	False	0.08512084
2338	0	False	0.08859295
2339	0	False	0.08512084
2340	0	False	0.100543275
2341	0	False	0.08512084
2342	0	False	0.08512084
2343	0	False	0.08512084
2344	0	False	0.08512084
2345	0	False	0.08512084
2346	0	False	0.08512084
2347	0	False	0.08512084
2348	0	False	0.086797826
2349	0	False	0.08590678
2350	0	False	0.08885559
2351	0	False	0.08777925
2352	0	False	0.08512084
2353	0	False	0.08512084
2354	0	False	0.08512084
2355	0	False	0.08512084
2356	0	False	0.08512084
2357	0	False	0.08512084
2358	0	False	0.08512084
2359	0	False	0.08512084
2360	0	False	0.08512084
2361	0	False	0.08590678
2362	0	False	0.08590678
2363	0	False	0.08590678
2364	0	False	0.08590678
2365	0	False	0.08590678
2366	0	False	0.08512084
2367	0	False	0.08512084
2368	0	False	0.08590678
2369	0	False	0.08590678
2370	0	False	0.08686152
2371	0	False	0.08512084
2372	0	False	0.10070759
2373	0	False	0.10070759
2374	0	False	0.12740059
2375	0	False	0.08686152
2376	0	False	0.08686152
2377	0	False	0.08686152
2378	0	False	0.09440609
2379	0	False	0.08686152
2380	0	False	0.08590678
2381	0	False	0.08590678
2382	0	False	0.08512084
2383	0	False	0.08590678
2384	0	False	0.08384267
2385	0	False	0.08384267
2386	0	False	0.10864028
2387	0	False	0.1159481
2388	0	False	0.10047706
2389	0	False	0.09764807
2390	0	False	0.10073361
2391	0	False	0.124301575
2392	1	False	0.119387485
2393	0	False	0.2580037
2394	1	False	0.19811603
2395	0	True	0.41766277
2396	0	True	0.32891697
2397	0	True	0.2695037
2398	0	False	0.1594024
2399	0	False	0.1283343
2400	0	False	0.1283343
2401	0	False	0.14446084
2402	0	False	0.10818115
2403	0	False	0.11363741
2404	0	False	0.10834225
2405	0	False	0.12539878
2406	0	False	0.12064912
2407	0	False	0.15704626
2408	0	False	0.0876373
2409	0	False	0.08683703
2410	0	False	0.09997676
2411	0	False	0.08686152
2412	0	False	0.08686152
2413	0	False	0.0893793
2414	0	False	0.09109716
2415	0	False	0.08686152
2416	0	False	0.08686152
2417	0	False	0.08512084
2418	0	False	0.08512084
2419	0	False	0.08512084
2420	0	False	0.08512084
2421	0	False	0.08512084
2422	0	False	0.08590678
2423	0	False	0.086797826
2424	0	False	0.08590678
2425	0	False	0.08590678
2426	0	False	0.08590678
2427	0	False	0.08512084
2428	0	False	0.08746823
2429	0	False	0.08590678
2430	0	False	0.08512084
2431	0	False	0.08686152
2432	0	False	0.08590678
2433	0	False	0.08512084
2434	0	False	0.08512084
2435	0	False	0.08590678
2436	0	False	0.08512084
2437	0	False	0.08512084
2438	0	False	0.08512084
2439	0	False	0.08590678
2440	0	False	0.08590678
2441	0	False	0.086873285
2442	0	False	0.08512084
2443	0	False	0.10488526
2444	0	False	0.08512084
2445	0	False	0.08442102
2446	0	False	0.08442102
2447	0	False	0.08442102
2448	0	False	0.08442102
2449	0	False	0.08442102
2450	0	False	0.08442102
2451	0	False	0.08442102
2452	0	False	0.08442102
2453	0	False	0.08442102
2454	0	False	0.08442102
2455	0	False	0.08442102
2456	0	False	0.08442102
2457	0	False	0.08867615
2458	0	False	0.08442102
2459	0	False	0.08442102
2460	0	False	0.0852011
2461	0	False	0.08442102
2462	0	False	0.086974844
2463	0	False	0.0852011
2464	0	False	0.08442102
2465	0	False	0.08442102
2466	0	False	0.092102736
2467	0	False	0.08442102
2468	0	False	0.08867615
2469	0	False	0.0852011
2470	0	False	0.08442102
2471	0	False	0.0852011
2472	0	False	0.0852011
2473	0	False	0.0852011
2474	0	False	0.08867615
2475	0	False	0.0852011
2476	0	False	0.118153006
2477	0	False	0.08442102
2478	0	False	0.0852011
2479	0	False	0.08523211
2480	0	False	0.08442102
2481	0	False	0.08442102
2482	0	False	0.08442102
2483	0	False	0.08608552
2484	0	False	0.08747519
2485	0	False	0.09436927
2486	0	False	0.093232974
2487	0	False	0.098049864
2488	0	False	0.0900114
2489	0	False	0.08782321
2490	0	False	0.089479245
2491	0	False	0.0913491
2492	0	False	0.08863167
2493	0	False	0.25129908
2494	0	True	0.2817991
2495	0	False	0.08969989
2496	0	False	0.08863167
2497	0	False	0.08863167
2498	0	False	0.0900114
2499	0	False	0.086974844
2500	0	False	0.086974844
2501	0	False	0.08442102
2502	0	False	0.0852011
2503	0	False	0.0852011
2504	0	False	0.086974844
2505	0	False	0.08442102
2506	0	False	0.08442102
2507	0	False	0.091899246
2508	0	False	0.08442102
2509	0	False	0.08442102
2510	0	False	0.08442102
2511	0	False	0.08442102
2512	0	False	0.08442102
2513	0	False	0.08442102
2514	0	False	0.08442102
2515	0	False	0.08705966
2516	0	False	0.08442102
2517	0	False	0.08442102
2518	0	False	0.08442102
2519	0	False	0.08442102
2520	0	False	0.08442102
2521	0	False	0.0852011
2522	0	False	0.08442102
2523	0	False	0.08442102
2524	0	False	0.09340281
2525	0	False	0.08442102
2526	0	False	0.08442102
2527	0	False	0.09002189
2528	0	False	0.09765912
2529	0	False	0.08442102
2530	0	False	0.08442102
2531	0	False	0.0852011
2532	0	False	0.08442102
2533	0	False	0.08442102
2534	0	False	0.08442102
2535	0	False	0.08442102
2536	0	False	0.08442102
2537	0	False	0.08442102
2538	0	False	0.08442102
2539	0	False	0.08442102
2540	0	False	0.08442102
2541	0	False	0.08442102
2542	0	False	0.08442102
2543	0	False	0.08608552
2544	0	False	0.08442102
2545	0	False	0.08442102
2546	0	False	0.08442102
2547	0	False	0.08442102
2548	0	False	0.0852011
2549	0	False	0.08442102
2550	0	False	0.08442102
2551	0	False	0.0852011
2552	0	False	0.08442102
2553	0	False	0.08442102
2554	0	False	0.0852011
2555	0	False	0.08442102
2556	0	False	0.08442102
2557	0	False	0.08442102
2558	0	False	0.08442102
2559	0	False	0.08614874
2560	0	False	0.08442102
2561	0	False	0.08442102
2562	0	False	0.08442102
2563	0	False	0.08442102
2564	0	False	0.08442102
2565	0	False	0.0852011
2566	0	False	0.08442102
2567	0	False	0.08634407
2568	0	False	0.08786732
2569	0	False	0.08442102
2570	0	False	0.08442102
2571	0	False	0.08442102
2572	0	False	0.08442102
2573	0	False	0.08442102
2574	0	False	0.08442102
2575	0	False	0.08442102
2576	0	False	0.0852011
2577	0	False	0.0852011
2578	0	False	0.0852011
2579	0	False	0.0852011
2580	0	False	0.0852011
2581	0	False	0.0852011
2582	0	False	0.0852011
2583	0	False	0.08867615
2584	0	False	0.0852011
2585	0	False	0.0852011
2586	0	False	0.0852011
2587	0	False	0.08771416
2588	0	False	0.0852011
2589	0	False	0.08867615
2590	0	False	0.0852011
2591	0	False	0.1017367
2592	0	False	0.08614874
2593	1	False	0.096139774
2594	0	False	0.08716077
2595	0	False	0.0975512
2596	0	False	0.09316354
2597	0	False	0.097950235
2598	0	False	0.09489083
2599	0	False	0.099765584
2600	0	False	0.1158241
2601	0	False	0.1011389
2602	0	False	0.10101479
2603	0	False	0.1143402
2604	0	False	0.09790338
2605	0	False	0.09591195
2606	0	False	0.107620455
2607	0	False	0.12167893
2608	0	False	0.13292481
2609	0	False	0.22072959
2610	0	False	0.10541803
2611	0	False	0.094003536
2612	0	False	0.117678955
2613	0	False	0.1755352
2614	0	False	0.1145863
2615	0	False	0.10969011
2616	0	False	0.09242761
2617	0	False	0.09013878
2618	0	False	0.105783224
2619	0	False	0.10250021
2620	0	False	0.099066705
2621	0	False	0.090143114
2622	0	False	0.0852011
2623	0	False	0.0852011
2624	0	False	0.08614874
2625	0	False	0.08442102
2626	0	False	0.08442102
2627	0	False	0.08442102
2628	0	False	0.09177494
2629	0	False	0.0852011
2630	0	False	0.08442102
2631	0	False	0.08442102
2632	0	False	0.0852011
2633	0	False	0.08442102
2634	0	False	0.08442102
2635	0	False	0.08442102
2636	0	False	0.08442102
2637	0	False	0.08442102
2638	0	False	0.08442102
2639	0	False	0.08442102
2640	0	False	0.0911754
2641	0	False	0.08442102
2642	0	False	0.08705966
2643	0	False	0.08442102
2644	0	False	0.0852011
2645	0	False	0.08442102
2646	0	False	0.08442102
2647	0	False	0.08442102
2648	0	False	0.08442102
2649	0	False	0.0852011
2650	0	False	0.08442102
2651	0	False	0.08442102
2652	0	False	0.09340281
2653	0	False	0.0852011
2654	0	False	0.08442102
2655	0	False	0.08442102
2656	0	False	0.0855754
2657	0	False	0.09002189
2658	0	False	0.09482416
2659	0	False	0.08442102
2660	0	False	0.0852011
2661	0	False	0.08442102
2662	0	False	0.0852011
2663	0	False	0.08442102
2664	0	False	0.08442102
2665	0	False	0.08442102
2666	0	False	0.08442102
2667	0	False	0.08442102
2668	0	False	0.08442102
2669	0	False	0.08442102
2670	0	False	0.08442102
2671	0	False	0.0852011
2672	0	False	0.0852011
2673	0	False	0.08442102
2674	0	False	0.08608552
2675	0	False	0.0852011
2676	0	False	0.08442102
2677	0	False	0.08442102
2678	0	False	0.08442102
2679	0	False	0.0852011
2680	0	False	0.08442102
2681	0	False	0.08442102
2682	0	False	0.08442102
2683	0	False	0.08442102
2684	0	False	0.08442102
2685	0	False	0.08442102
2686	0	False	0.08442102
2687	0	False	0.08442102
2688	0	False	0.08442102
2689	0	False	0.08442102
2690	0	False	0.08442102
2691	0	False	0.08442102
2692	0	False	0.08442102
2693	0	False	0.086160414
2694	0	False	0.08442102
2695	0	False	0.08442102
2696	0	False	0.08629843
2697	0	False	0.084567994
2698	0	False	0.084567994
2699	0	False	0.084567994
2700	0	False	0.10132276
2701	0	False	0.11659735
2702	0	False	0.08629843
2703	0	False	0.08629843
2704	0	False	0.084567994
2705	0	False	0.084567994
2706	0	False	0.10417556
2707	0	False	0.0853493
2708	0	False	0.0966898
2709	0	False	0.23699112
2710	0	False	0.22475362
2711	0	False	0.18570797
2712	0	False	0.113573305
2713	0	False	0.095017046
2714	0	False	0.11110506
2715	0	False	0.10611107
2716	0	False	0.09263878
2717	0	False	0.09263878
2718	0	False	0.09263878
2719	0	False	0.08859221
2720	0	False	0.0853493
2721	0	False	0.0853493
2722	0	False	0.089825965
2723	0	False	0.086310126
2724	0	False	0.084567994
2725	0	False	0.0853493
2726	0	False	0.0853493
2727	0	False	0.0853493
2728	0	False	0.08882981
2729	0	False	0.0853493
2730	0	False	0.10080858
2731	0	False	0.084567994
2732	0	False	0.084567994
2733	0	False	0.08629843
2734	0	False	0.084567994
2735	0	False	0.084567994
2736	0	False	0.0853493
2737	0	False	0.0853493
2738	0	False	0.08703034
2739	0	False	0.084567994
2740	0	False	0.089093104
2741	0	False	0.08801417
2742	0	False	0.084567994
2743	0	False	0.084567994
2744	0	False	0.084567994
2745	0	False	0.084567994
2746	0	False	0.084567994
2747	0	False	0.084567994
2748	0	False	0.084567994
2749	0	False	0.084567994
2750	0	False	0.084567994
2751	0	False	0.084567994
2752	0	False	0.0853493
2753	0	False	0.0853493
2754	0	False	0.084567994
2755	0	False	0.084567994
2756	0	False	0.0853493
2757	0	False	0.0853493
2758	0	False	0.084567994
2759	0	False	0.084567994
2760	0	False	0.084567994
2761	0	False	0.084567994
2762	0	False	0.084567994
2763	0	False	0.084567994
2764	0	False	0.084567994
2765	0	False	0.0853493
2766	0	False	0.092775896
2767	0	False	0.084567994
2768	0	False	0.084567994
2769	0	False	0.084567994
2770	0	False	0.084567994
2771	0	False	0.084567994
2772	0	False	0.084567994
2773	0	False	0.084567994
2774	0	False	0.084567994
2775	0	False	0.084567994
2776	0	False	0.0853493
2777	0	False	0.0853493
2778	0	False	0.092170484
2779	0	False	0.084567994
2780	0	False	0.08721078
2781	0	False	0.084567994
2782	0	False	0.084567994
2783	0	False	0.084567994
2784	0	False	0.084567994
2785	0	False	0.084567994
2786	0	False	0.084567994
2787	0	False	0.084567994
2788	0	False	0.084567994
2789	0	False	0.09356382
2790	0	False	0.084567994
2791	0	False	0.084567994
2792	0	False	0.08572419
2793	0	False	0.09017766
2794	0	False	0.094987385
2795	0	False	0.084567994
2796	0	False	0.0853493
2797	0	False	0.0853493
2798	0	False	0.084567994
2799	0	False	0.084567994
2800	0	False	0.084567994
2801	0	False	0.084567994
2802	0	False	0.084567994
2803	0	False	0.084567994
2804	0	False	0.084567994
2805	0	False	0.084567994
2806	0	False	0.084567994
2807	0	False	0.084567994
2808	0	False	0.084567994
2809	0	False	0.084567994
2810	0	False	0.08623512
2811	0	False	0.084567994
2812	0	False	0.084567994
2813	0	False	0.084567994
2814	0	False	0.0853493
2815	0	False	0.0853493
2816	0	False	0.084567994
2817	0	False	0.084567994
2818	0	False	0.084567994
2819	0	False	0.084567994
2820	0	False	0.0853493
2821	0	False	0.084567994
2822	0	False	0.084567994
2823	0	False	0.084567994
2824	0	False	0.084567994
2825	0	False	0.084567994
2826	0	False	0.0853493
2827	0	False	0.084567994
2828	0	False	0.084567994
2829	1	True	0.51680595
2830	1	True	0.58413947
2831	1	True	0.44967055
2832	1	False	0.096440785
2833	1	True	0.5962698
2834	0	False	0.12353971
2835	0	False	0.153448
2836	0	False	0.14313126
2837	0	False	0.21544828
2838	0	False	0.21544828
2839	0	True	0.4153218
2840	0	True	0.43016636
2841	0	True	0.35134995
2842	0	True	0.33672872
2843	0	True	0.33672872
2844	0	False	0.14890315
2845	0	False	0.19876055
2846	0	False	0.17042193
2847	0	False	0.12661605
2848	0	False	0.14408144
2849	0	False	0.14408144
2850	0	False	0.16132756
2851	0	False	0.20128919
2852	0	False	0.18707068
2853	0	False	0.18707068
2854	0	False	0.18707068
2855	0	False	0.16881405
2856	0	False	0.17539768
2857	0	False	0.14479162
2858	0	False	0.16441528
2859	0	False	0.14457351
2860	0	False	0.1937287
2861	0	False	0.21826376
2862	0	False	0.21826376
2863	0	False	0.26379037
2864	0	True	0.31695467
2865	0	True	0.32934037
2866	1	True	0.43918025
2867	0	False	0.14074565
2868	0	False	0.14931783
2869	0	False	0.17271654
2870	0	False	0.2599309
2871	0	False	0.2599309
2872	0	False	0.19111043
2873	0	False	0.19111043
2874	0	False	0.20118056
2875	0	False	0.20118056
2876	0	False	0.20118056
2877	0	False	0.16600211
2878	0	False	0.16600211
2879	0	False	0.13839218
2880	0	False	0.18008892
2881	0	False	0.1431974
2882	0	False	0.1431974
2883	0	False	0.13612412
2884	0	False	0.13612412
2885	1	False	0.13625734
2886	1	False	0.20735115
2887	1	False	0.13440849
2888	0	False	0.1133276
2889	0	False	0.1133276
2890	0	False	0.1133276
2891	0	False	0.11921586
2892	0	False	0.14667702
2893	0	False	0.15463732
2894	0	False	0.14166254
2895	0	False	0.1403014
2896	0	False	0.12973954
2897	0	False	0.17696619
2898	0	False	0.14702295
2899	0	False	0.10938507
2900	0	False	0.19226375
2901	0	False	0.1431974
2902	0	False	0.1447673
2903	0	False	0.14035493
2904	0	False	0.16487718
2905	0	False	0.12353971
2906	0	False	0.14687271
2907	0	False	0.14023608
2908	0	False	0.13183002
2909	0	False	0.13772593
2910	0	False	0.17120676
2911	0	False	0.17120676
2912	0	False	0.13343646
2913	0	False	0.16322295
2914	0	False	0.16322295
2915	0	False	0.14312118
2916	0	False	0.1432777
2917	0	False	0.1432777
2918	0	False	0.14342017
2919	0	False	0.1406491
2920	0	False	0.12353971
2921	0	False	0.12353971
2922	0	False	0.12443845
2923	0	False	0.14422195
2924	0	False	0.12353971
2925	0	False	0.21556166
2926	0	False	0.16394746
2927	0	False	0.16394746
2928	0	False	0.10639231
2929	0	False	0.108743295
2930	0	False	0.13307816
2931	0	False	0.12353971
2932	0	False	0.12353971
2933	0	False	0.12353971
2934	0	False	0.12353971
2935	0	False	0.10938507
2936	0	False	0.11695099
2937	0	False	0.13363639
2938	0	False	0.14074418
2939	0	False	0.14074418
2940	0	False	0.10929115
2941	0	False	0.15196913
2942	0	False	0.108743295
2943	0	False	0.113723874
2944	0	False	0.1331173
2945	0	False	0.1331173
2946	0	False	0.12353971
2947	0	False	0.109002024
2948	0	False	0.109002024
2949	0	False	0.11662477
2950	0	False	0.123276636
2951	0	False	0.109002024
2952	0	False	0.109002024
2953	0	False	0.108029775
2954	0	False	0.108029775
2955	0	False	0.11816546
2956	0	False	0.11816546
2957	0	False	0.13367787
2958	0	False	0.13367787
2959	0	False	0.13367787
2960	0	False	0.109002024
2961	0	False	0.109002024
2962	0	False	0.109002024
2963	0	False	0.109002024
2964	0	False	0.109002024
2965	0	False	0.109002024
2966	0	False	0.109002024
2967	0	False	0.109002024
2968	0	False	0.11535408
2969	0	False	0.109002024
2970	0	False	0.109002024
2971	0	False	0.109002024
2972	0	False	0.109002024
2973	0	False	0.108029775
2974	0	False	0.109002024
2975	0	False	0.109002024
2976	0	False	0.115514986
2977	0	False	0.109002024
2978	0	False	0.11654579
2979	0	False	0.109002024
2980	0	False	0.109002024
2981	0	False	0.109002024
2982	0	False	0.109002024
2983	0	False	0.169005
2984	0	False	0.169005
2985	0	False	0.12729935
2986	0	False	0.12729935
2987	0	False	0.109002024
2988	0	False	0.108029775
2989	0	False	0.11536114
2990	0	False	0.11536114
2991	1	False	0.11940267
2992	0	False	0.12306375
2993	0	False	0.109002024
2994	0	False	0.11232159
2995	0	False	0.11232159
2996	0	False	0.109002024
2997	0	False	0.11456767
2998	0	False	0.11737914
2999	0	False	0.11737914
3000	0	False	0.109002024
3001	0	False	0.11479348
3002	0	False	0.11479348
3003	1	False	0.14002642
3004	1	False	0.13324538
3005	1	False	0.15477213
3006	0	False	0.13282843
3007	0	False	0.13282843
3008	0	False	0.13006485
3009	1	False	0.12554066
3010	0	False	0.1133276
3011	0	False	0.1172818
3012	0	False	0.11019026
3013	0	False	0.109002024
3014	0	False	0.108743295
3015	0	False	0.11793772
3016	0	False	0.1228241
3017	1	True	0.8305427
3018	1	True	0.3348496
3019	1	True	0.40529022
3020	0	False	0.09118572
3021	0	False	0.09118572
3022	0	False	0.09118572
3023	0	False	0.09118572
3024	0	False	0.092022
3025	0	False	0.09118572
3026	0	False	0.09118572
3027	0	False	0.09221791
3028	0	False	0.09118572
3029	0	False	0.09118572
3030	0	False	0.09118572
3031	0	False	0.09118572
3032	0	False	0.09118572
3033	0	False	0.09118572
3034	0	False	0.09118572
3035	0	False	0.09118572
3036	0	False	0.09118572
3037	0	False	0.09118572
3038	0	False	0.09118572
3039	0	False	0.09118572
3040	0	False	0.09118572
3041	0	False	0.09118572
3042	0	False	0.09118572
3043	0	False	0.09118572
3044	0	False	0.09118572
3045	0	False	0.09118572
3046	0	False	0.09118572
3047	0	False	0.09118572
3048	0	False	0.09118572
3049	0	False	0.09118572
3050	0	False	0.09118572
3051	0	False	0.09118572
3052	0	False	0.09118572
3053	0	False	0.09118572
3054	0	False	0.09118572
3055	0	False	0.09118572
3056	0	False	0.09118572
3057	0	False	0.09118572
3058	0	False	0.09118572
3059	0	False	0.09118572
3060	0	False	0.09118572
3061	0	False	0.09118572
3062	0	False	0.09118572
3063	0	False	0.09749104
3064	0	False	0.099065155
3065	0	False	0.09118572
3066	0	False	0.092022
3067	0	False	0.09306269
3068	0	False	0.09118572
3069	0	False	0.09118572
3070	0	False	0.09118572
3071	0	False	0.09118572
3072	0	False	0.09118572
3073	0	False	0.09555173
3074	0	False	0.09118572
3075	0	False	0.09118572
3076	0	False	0.09118572
3077	0	False	0.092022
3078	0	False	0.09118572
3079	0	False	0.092022
3080	0	False	0.09118572
3081	0	False	0.09118572
3082	0	False	0.09118572
3083	0	False	0.09118572
3084	0	False	0.09118572
3085	0	False	0.09118572
3086	0	False	0.09118572
3087	0	False	0.09118572
3088	0	False	0.092022
3089	0	False	0.09118572
3090	0	False	0.09118572
3091	0	False	0.09118572
3092	0	False	0.09118572
3093	0	False	0.09118572
3094	0	False	0.09118572
3095	0	False	0.09118572
3096	0	False	0.09118572
3097	0	False	0.09118572
3098	0	False	0.09118572
3099	0	False	0.09118572
3100	0	False	0.09118572
3101	0	False	0.09118572
3102	0	False	0.093037784
3103	0	False	0.09118572
3104	0	False	0.0921932
3105	0	False	0.105852455
3106	0	False	0.1043663
3107	0	False	0.0911264
3108	0	False	0.0911264
3109	0	False	0.0911264
3110	0	False	0.09226001
3111	0	False	0.092853345
3112	0	False	0.110919714
3113	0	False	0.106007695
3114	0	False	0.11455638
3115	0	False	0.106007695
3116	0	False	0.096263714
3117	0	False	0.09795831
3118	0	False	0.09795831
3119	0	False	0.1299524
3120	0	False	0.10567617
3121	0	False	0.12606438
3122	0	False	0.15808259
3123	0	False	0.14112732
3124	0	False	0.14112732
3125	0	False	0.18106182
3126	0	False	0.22464834
3127	0	False	0.18106182
3128	0	False	0.18518376
3129	0	False	0.191474
3130	0	False	0.191474
3131	0	True	0.4015983
3132	0	True	0.49482167
3133	0	True	0.41020867
3134	1	True	0.7711531
3135	1	True	0.50293905
3136	0	False	0.25501394
3137	1	True	0.5059378
3138	0	False	0.19245733
3139	0	False	0.14736257
3140	0	False	0.10960698
3141	0	False	0.2174711
3142	0	False	0.12546563
3143	0	False	0.13828395
3144	0	False	0.11283632
3145	0	False	0.18602467
3146	0	False	0.11227996
3147	0	False	0.11227996
3148	0	False	0.1342146
3149	0	False	0.16830076
3150	0	False	0.1506334
3151	0	False	0.14474124
3152	0	False	0.13455646
3153	0	False	0.110217445
3154	0	False	0.110217445
3155	0	False	0.11101451
3156	0	False	0.12006529
3157	0	False	0.103658006
3158	0	False	0.10144251
3159	0	False	0.094786376
3160	0	False	0.093105145
3161	0	False	0.10198103
3162	0	False	0.09118572
3163	0	False	0.092970036
3164	0	False	0.09118572
3165	0	False	0.0921932
3166	0	False	0.0921932
3167	0	False	0.093037784
3168	0	False	0.09118572
3169	0	False	0.093037784
3170	0	False	0.093037784
3171	0	False	0.09118572
3172	0	False	0.09118572
3173	0	False	0.093037784
3174	0	False	0.09118572
3175	0	False	0.09118572
3176	0	False	0.12009511
3177	0	False	0.10443325
3178	0	False	0.10001853
3179	0	False	0.092022
3180	0	False	0.09118572
3181	0	False	0.09487954
3182	0	False	0.09427647
3183	0	False	0.09118572
3184	0	False	0.09118572
3185	0	False	0.09118572
3186	0	False	0.09118572
3187	0	False	0.09118572
3188	0	False	0.09118572
3189	0	False	0.09118572
3190	0	False	0.09118572
3191	0	False	0.09118572
3192	0	False	0.092022
3193	0	False	0.09118572
3194	0	False	0.093037784
3195	0	False	0.093037784
3196	0	False	0.093037784
3197	0	False	0.09450977
3198	0	False	0.09118572
3199	0	False	0.092022
3200	0	False	0.092022
3201	0	False	0.09487954
3202	0	False	0.09118572
3203	0	False	0.092022
3204	0	False	0.09118572
3205	0	False	0.092022
3206	0	False	0.092022
3207	0	False	0.092022
3208	0	False	0.092022
3209	0	False	0.092022
3210	0	False	0.092022
3211	0	False	0.092022
3212	0	False	0.092022
3213	0	False	0.092022
3214	0	False	0.09118572
3215	0	False	0.09118572
3216	0	False	0.09118572
3217	0	False	0.09118572
3218	0	False	0.09118572
3219	0	False	0.09118572
3220	0	False	0.09118572
3221	0	False	0.092022
3222	0	False	0.09118572
3223	0	False	0.092022
3224	0	False	0.09118572
3225	0	False	0.098313004
3226	0	False	0.09449947
3227	0	False	0.09338599
3228	0	False	0.09118572
3229	0	False	0.09449947
3230	0	False	0.092022
3231	0	False	0.09536296
3232	0	False	0.08675664
3233	0	False	0.08675664
3234	0	False	0.08675664
3235	0	False	0.08675664
3236	0	False	0.08675664
3237	0	False	0.08675664
3238	0	False	0.08675664
3239	0	False	0.087743536
3240	0	False	0.08675664
3241	0	False	0.08675664
3242	0	False	0.08675664
3243	0	False	0.08675664
3244	0	False	0.08675664
3245	0	False	0.08675664
3246	0	False	0.08675664
3247	0	False	0.08675664
3248	0	False	0.08675664
3249	0	False	0.08675664
3250	0	False	0.08675664
3251	0	False	0.08675664
3252	0	False	0.08675664
3253	0	False	0.08675664
3254	0	False	0.08675664
3255	0	False	0.08675664
3256	0	False	0.08675664
3257	0	False	0.08675664
3258	0	False	0.08675664
3259	0	False	0.08675664
3260	0	False	0.08675664
3261	0	False	0.08675664
3262	0	False	0.08675664
3263	0	False	0.08675664
3264	0	False	0.08675664
3265	0	False	0.08755624
3266	0	False	0.08675664
3267	0	False	0.08675664
3268	0	False	0.08675664
3269	0	False	0.08675664
3270	0	False	0.08675664
3271	0	False	0.08675664
3272	0	False	0.08675664
3273	0	False	0.09278697
3274	0	False	0.09429307
3275	0	False	0.08675664
3276	0	False	0.08675664
3277	0	False	0.087743536
3278	0	False	0.08675664
3279	0	False	0.08675664
3280	0	False	0.08675664
3281	0	False	0.08675664
3282	0	False	0.08675664
3283	0	False	0.09093181
3284	0	False	0.08675664
3285	0	False	0.08675664
3286	0	False	0.08675664
3287	0	False	0.08675664
3288	0	False	0.08675664
3289	0	False	0.08675664
3290	0	False	0.08675664
3291	0	False	0.08675664
3292	0	False	0.08675664
3293	0	False	0.08675664
3294	0	False	0.08675664
3295	0	False	0.08675664
3296	0	False	0.08675664
3297	0	False	0.08675664
3298	0	False	0.08755624
3299	0	False	0.08755624
3300	0	False	0.08675664
3301	0	False	0.08675664
3302	0	False	0.08675664
3303	0	False	0.08675664
3304	0	False	0.08675664
3305	0	False	0.08675664
3306	0	False	0.08675664
3307	0	False	0.08675664
3308	0	False	0.08675664
3309	0	False	0.08675664
3310	0	False	0.08675664
3311	0	False	0.09093611
3312	0	False	0.09212459
3313	0	False	0.08852754
3314	0	False	0.08675664
3315	0	False	0.08675664
3316	0	False	0.08675664
3317	0	False	0.08675664
3318	0	False	0.100146964
3319	0	False	0.113165535
3320	0	False	0.13447392
3321	0	False	0.14012277
3322	0	False	0.09712271
3323	0	False	0.103758134
3324	0	False	0.09796678
3325	0	False	0.09796678
3326	0	False	0.105782166
3327	0	False	0.10013359
3328	0	False	0.13919716
3329	0	False	0.112610035
3330	0	False	0.21248543
3331	0	False	0.10436065
3332	0	False	0.105754025
3333	0	False	0.10744306
3334	0	False	0.12251935
3335	0	False	0.10744306
3336	0	False	0.15978788
3337	0	False	0.1615275
3338	0	False	0.16497882
3339	0	False	0.20234838
3340	0	False	0.19452605
3341	1	True	0.3818418
3342	0	False	0.22236544
3343	0	False	0.25301898
3344	0	False	0.20878793
3345	0	True	0.32649848
3346	0	True	0.2803082
3347	0	True	0.28215927
3348	1	True	0.65175545
3349	0	False	0.21699998
3350	0	False	0.21992446
3351	0	False	0.12439445
3352	0	False	0.14374298
3353	0	False	0.16284364
3354	0	False	0.16647972
3355	0	False	0.17038603
3356	0	False	0.114318624
3357	0	False	0.12327272
3358	0	False	0.13450943
3359	0	False	0.12858161
3360	0	False	0.15980619
3361	0	False	0.14832573
3362	0	False	0.14328673
3363	0	False	0.10077904
3364	0	False	0.09267419
3365	0	False	0.16763636
3366	0	False	0.1248845
3367	0	False	0.09015137
3368	0	False	0.08755624
3369	0	False	0.08852754
3370	0	False	0.090265
3371	0	False	0.08852754
3372	0	False	0.08771992
3373	0	False	0.08771992
3374	0	False	0.08675664
3375	0	False	0.08675664
3376	0	False	0.09468976
3377	0	False	0.09468976
3378	0	False	0.09649887
3379	0	False	0.10030894
3380	0	False	0.08675664
3381	0	False	0.08852754
3382	0	False	0.08872774
3383	0	False	0.096252576
3384	0	False	0.08852754
3385	0	False	0.09649887
3386	0	False	0.097885236
3387	0	False	0.09974995
3388	0	False	0.08675664
3389	0	False	0.08675664
3390	0	False	0.08675664
3391	0	False	0.09468976
3392	0	False	0.09468976
3393	0	False	0.09906558
3394	0	False	0.09899083
3395	0	False	0.08675664
3396	0	False	0.08675664
3397	0	False	0.08675664
3398	0	False	0.08675664
3399	0	False	0.08675664
3400	0	False	0.08675664
3401	0	False	0.08675664
3402	0	False	0.08852754
3403	0	False	0.08755624
3404	0	False	0.08755624
3405	0	False	0.09111777
3406	0	False	0.08675664
3407	0	False	0.08675664
3408	0	False	0.08755624
3409	0	False	0.08675664
3410	0	False	0.08755624
3411	0	False	0.08755624
3412	0	False	0.08755624
3413	0	False	0.08755624
3414	0	False	0.08755624
3415	0	False	0.08755624
3416	0	False	0.08755624
3417	0	False	0.08755624
3418	0	False	0.08675664
3419	0	False	0.08675664
3420	0	False	0.08675664
3421	0	False	0.08675664
3422	0	False	0.08675664
3423	0	False	0.08675664
3424	0	False	0.08675664
3425	0	False	0.08675664
3426	0	False	0.09279251
3427	0	False	0.08675664
3428	0	False	0.08675664
3429	0	False	0.09654451
3430	0	False	0.09279251
3431	0	False	0.08886049
3432	0	False	0.08755624
3433	0	False	0.08992536
3434	0	False	0.08675664
3435	0	False	0.08992536
3436	0	False	0.08744762
3437	0	False	0.08744762
3438	0	False	0.08744762
3439	0	False	0.08744762
3440	0	False	0.08744762
3441	0	False	0.08744762
3442	0	False	0.08744762
3443	0	False	0.08844162
3444	0	False	0.08744762
3445	0	False	0.08744762
3446	0	False	0.08744762
3447	0	False	0.08744762
3448	0	False	0.08744762
3449	0	False	0.08744762
3450	0	False	0.08744762
3451	0	False	0.08744762
3452	0	False	0.08744762
3453	0	False	0.08744762
3454	0	False	0.08744762
3455	0	False	0.08744762
3456	0	False	0.08744762
3457	0	False	0.08744762
3458	0	False	0.08744762
3459	0	False	0.08744762
3460	0	False	0.08744762
3461	0	False	0.08744762
3462	0	False	0.08744762
3463	0	False	0.08744762
3464	0	False	0.08744762
3465	0	False	0.08744762
3466	0	False	0.08744762
3467	0	False	0.08744762
3468	0	False	0.08744762
3469	0	False	0.08744762
3470	0	False	0.08744762
3471	0	False	0.08744762
3472	0	False	0.08744762
3473	0	False	0.08744762
3474	0	False	0.08744762
3475	0	False	0.08744762
3476	0	False	0.08744762
3477	0	False	0.09352106
3478	0	False	0.09503782
3479	0	False	0.08744762
3480	0	False	0.08744762
3481	0	False	0.08844162
3482	0	False	0.08744762
3483	0	False	0.08744762
3484	0	False	0.08744762
3485	0	False	0.08744762
3486	0	False	0.08825297
3487	0	False	0.0916527
3488	0	False	0.08744762
3489	0	False	0.08744762
3490	0	False	0.08744762
3491	0	False	0.08744762
3492	0	False	0.08744762
3493	0	False	0.08744762
3494	0	False	0.08744762
3495	0	False	0.08744762
3496	0	False	0.08744762
3497	0	False	0.08744762
3498	0	False	0.08744762
3499	0	False	0.08744762
3500	0	False	0.08744762
3501	0	False	0.08744762
3502	0	False	0.08744762
3503	0	False	0.08744762
3504	0	False	0.08744762
3505	0	False	0.08744762
3506	0	False	0.08744762
3507	0	False	0.08744762
3508	0	False	0.08744762
3509	0	False	0.08744762
3510	0	False	0.08744762
3511	0	False	0.08744762
3512	0	False	0.08744762
3513	0	False	0.08744762
3514	0	False	0.08744762
3515	0	False	0.08744762
3516	0	False	0.08744762
3517	0	False	0.10043962
3518	0	False	0.099021055
3519	0	False	0.08744762
3520	0	False	0.08744762
3521	0	False	0.08744762
3522	0	False	0.08744762
3523	0	False	0.08923124
3524	0	False	0.09100519
3525	0	False	0.08825297
3526	0	False	0.08825297
3527	0	False	0.08744762
3528	0	False	0.098874055
3529	0	False	0.08923124
3530	0	False	0.08923124
3531	0	False	0.08744762
3532	0	False	0.08744762
3533	0	False	0.09017153
3534	0	False	0.08744762
3535	0	False	0.08923124
3536	0	False	0.08744762
3537	0	False	0.08744762
3538	0	False	0.08744762
3539	0	False	0.08744762
3540	0	False	0.08744762
3541	0	False	0.08744762
3542	0	False	0.08923124
3543	0	False	0.08923124
3544	0	False	0.08744762
3545	0	False	0.08744762
3546	0	False	0.08744762
3547	0	False	0.12766626
3548	0	False	0.08744762
3549	0	False	0.09017153
3550	0	False	0.08744762
3551	0	False	0.08744762
3552	0	False	0.08744762
3553	0	False	0.08744762
3554	0	False	0.111078
3555	0	False	0.08825297
3556	0	False	0.08923124
3557	0	False	0.0918108
3558	0	False	0.08825297
3559	0	False	0.08744762
3560	0	False	0.08923124
3561	0	False	0.08744762
3562	0	False	0.08923124
3563	0	False	0.08923124
3564	0	False	0.08744762
3565	0	False	0.08744762
3566	0	False	0.102065146
3567	0	False	0.114870496
3568	0	False	0.100893416
3569	0	False	0.08841783
3570	0	False	0.08841783
3571	0	False	0.08841783
3572	0	False	0.09716974
3573	0	False	0.08744762
3574	0	False	0.10989188
3575	0	False	0.099021055
3576	0	False	0.092014775
3577	0	False	0.10242715
3578	0	False	0.16373312
3579	0	False	0.1668707
3580	0	False	0.16373312
3581	0	False	0.103613116
3582	0	False	0.102457866
3583	0	False	0.10167772
3584	0	False	0.13151947
3585	0	False	0.11350681
3586	0	False	0.118514635
3587	0	False	0.23276266
3588	0	False	0.16725461
3589	0	False	0.21918264
3590	0	False	0.2573149
3591	1	True	0.690629
3592	0	True	0.45053247
3593	1	True	0.5671526
3594	0	True	0.48411354
3595	1	True	0.55930763
3596	1	True	0.55763996
3597	1	True	0.5734094
3598	1	True	0.5048849
3599	0	True	0.27018338
3600	0	True	0.27018338
3601	0	True	0.31787217
3602	0	False	0.24133718
3603	1	False	0.13912785
3604	0	False	0.21276142
3605	0	False	0.12433994
3606	0	False	0.18157232
3607	0	False	0.10907143
3608	0	False	0.10806986
3609	0	False	0.11028529
3610	0	True	0.2783103
3611	0	False	0.111581504
3612	0	False	0.11385971
3613	0	False	0.111581504
3614	0	False	0.11856063
3615	0	False	0.096817166
3616	0	False	0.11899748
3617	0	False	0.11471178
3618	0	False	0.08923124
3619	0	False	0.08825297
3620	0	False	0.08744762
3621	0	False	0.08825297
3622	0	False	0.08744762
3623	0	False	0.08744762
3624	0	False	0.08825297
3625	0	False	0.08825297
3626	0	False	0.08825297
3627	0	False	0.08744762
3628	0	False	0.08744762
3629	0	False	0.08744762
3630	0	False	0.08744762
3631	0	False	0.08744762
3632	0	False	0.08744762
3633	0	False	0.08744762
3634	0	False	0.08744762
3635	0	False	0.08825297
3636	0	False	0.08744762
3637	0	False	0.08744762
3638	0	False	0.08825297
3639	0	False	0.08744762
3640	0	False	0.092023276
3641	0	False	0.08842978
3642	0	False	0.08956658
3643	0	False	0.08744762
3644	0	False	0.08842978
3645	0	False	0.08825297
3646	0	False	0.09271327
3647	0	False	0.08562976
3648	0	False	0.08562976
3649	0	False	0.08562976
3650	0	False	0.08562976
3651	0	False	0.08562976
3652	0	False	0.08562976
3653	0	False	0.08562976
3654	0	False	0.08740339
3655	0	False	0.08562976
3656	0	False	0.08562976
3657	0	False	0.08562976
3658	0	False	0.08562976
3659	0	False	0.08562976
3660	0	False	0.08562976
3661	0	False	0.08562976
3662	0	False	0.08562976
3663	0	False	0.08562976
3664	0	False	0.08562976
3665	0	False	0.08562976
3666	0	False	0.08562976
3667	0	False	0.08562976
3668	0	False	0.08562976
3669	0	False	0.08562976
3670	0	False	0.08562976
3671	0	False	0.08562976
3672	0	False	0.08562976
3673	0	False	0.08562976
3674	0	False	0.08562976
3675	0	False	0.08562976
3676	0	False	0.08562976
3677	0	False	0.08562976
3678	0	False	0.08562976
3679	0	False	0.08562976
3680	0	False	0.08562976
3681	0	False	0.08562976
3682	0	False	0.08562976
3683	0	False	0.08562976
3684	0	False	0.08562976
3685	0	False	0.08562976
3686	0	False	0.08562976
3687	0	False	0.08562976
3688	0	False	0.08562976
3689	0	False	0.09158962
3690	0	False	0.09307828
3691	0	False	0.08562976
3692	0	False	0.08562976
3693	0	False	0.08660506
3694	0	False	0.08562976
3695	0	False	0.08562976
3696	0	False	0.08562976
3697	0	False	0.08562976
3698	0	False	0.08562976
3699	0	False	0.08975603
3700	0	False	0.08562976
3701	0	False	0.08562976
3702	0	False	0.086419955
3703	0	False	0.086419955
3704	0	False	0.08562976
3705	0	False	0.08562976
3706	0	False	0.08562976
3707	0	False	0.08562976
3708	0	False	0.08562976
3709	0	False	0.08562976
3710	0	False	0.08562976
3711	0	False	0.08562976
3712	0	False	0.08562976
3713	0	False	0.08562976
3714	0	False	0.08562976
3715	0	False	0.08562976
3716	0	False	0.08562976
3717	0	False	0.08562976
3718	0	False	0.08562976
3719	0	False	0.08562976
3720	0	False	0.08562976
3721	0	False	0.08562976
3722	0	False	0.09190221
3723	0	False	0.090170674
3724	0	False	0.08562976
3725	0	False	0.086419955
3726	0	False	0.08562976
3727	0	False	0.086419955
3728	0	False	0.08993982
3729	0	False	0.086419955
3730	0	False	0.08562976
3731	0	False	0.08562976
3732	0	False	0.08562976
3733	0	False	0.08562976
3734	0	False	0.086419955
3735	0	False	0.09322933
3736	0	False	0.090170674
3737	0	False	0.090170674
3738	0	False	0.090170674
3739	0	False	0.086419955
3740	0	False	0.086419955
3741	0	False	0.086419955
3742	0	False	0.086419955
3743	0	False	0.089114994
3744	0	False	0.09537752
3745	0	False	0.10496426
3746	0	False	0.10558427
3747	0	False	0.10625328
3748	0	False	0.10836563
3749	0	False	0.12749799
3750	0	False	0.10836563
3751	0	False	0.09203149
3752	0	False	0.13020203
3753	0	False	0.13020203
3754	0	False	0.12154683
3755	0	False	0.10366514
3756	0	False	0.095517844
3757	0	False	0.1737954
3758	0	False	0.1098066
3759	0	False	0.12378465
3760	0	False	0.14332756
3761	0	False	0.20002897
3762	0	False	0.18961613
3763	0	False	0.13384643
3764	0	False	0.24368323
3765	0	False	0.15255001
3766	0	False	0.15189894
3767	0	False	0.20649464
3768	0	False	0.23604785
3769	0	False	0.21382119
3770	0	False	0.26363006
3771	0	True	0.2813353
3772	0	False	0.2584866
3773	0	False	0.18846042
3774	0	False	0.22073723
3775	1	True	0.2709038
3776	1	True	0.28201544
3777	0	False	0.16745189
3778	0	False	0.15228836
3779	0	False	0.14422384
3780	0	False	0.15711384
3781	0	False	0.16978364
3782	0	False	0.22709498
3783	0	False	0.16348454
3784	0	False	0.0988713
3785	0	False	0.097558744
3786	0	False	0.09985684
3787	0	False	0.10436558
3788	0	False	0.09985684
3789	0	False	0.10087722
3790	1	False	0.095149204
3791	0	False	0.08862392
3792	0	False	0.088661216
3793	0	False	0.086644836
3794	0	False	0.086644836
3795	0	False	0.08562976
3796	0	False	0.08562976
3797	0	False	0.08785532
3798	0	False	0.08562976
3799	0	False	0.08757771
3800	0	False	0.093127795
3801	0	False	0.08562976
3802	0	False	0.08562976
3803	0	False	0.089120604
3804	0	False	0.088550545
3805	0	False	0.086419955
3806	0	False	0.086419955
3807	0	False	0.086419955
3808	0	False	0.08562976
3809	0	False	0.08562976
3810	0	False	0.08562976
3811	0	False	0.08562976
3812	0	False	0.08562976
3813	0	False	0.086419955
3814	0	False	0.08562976
3815	0	False	0.08562976
3816	0	False	0.08562976
3817	0	False	0.08562976
3818	0	False	0.08562976
3819	0	False	0.08877106
3820	0	False	0.086419955
3821	0	False	0.08562976
3822	0	False	0.08562976
3823	0	False	0.08993982
3824	0	False	0.086419955
3825	0	False	0.086419955
3826	0	False	0.086419955
3827	0	False	0.08562976
3828	0	False	0.086419955
3829	0	False	0.08562976
3830	0	False	0.08562976
3831	0	False	0.08562976
3832	0	False	0.08562976
3833	0	False	0.086419955
3834	0	False	0.08562976
3835	0	False	0.08562976
3836	0	False	0.08562976
3837	0	False	0.08562976
3838	0	False	0.08562976
3839	0	False	0.08562976
3840	0	False	0.08562976
3841	0	False	0.08562976
3842	0	False	0.086419955
3843	0	False	0.086419955
3844	0	False	0.08562976
3845	0	False	0.086419955
3846	0	False	0.08562976
3847	0	False	0.0901197
3848	0	False	0.08659344
3849	0	False	0.08770891
3850	0	False	0.086419955
3851	0	False	0.08936478
3852	0	False	0.086419955
3853	0	False	0.087391675
3854	1	True	0.7297909
3855	1	True	0.66488713
3856	1	True	0.7606669
