	Significant	y_pred	y_prob
0	0	False	0.25548738
1	0	False	0.20887937
2	0	True	0.41848394
3	0	False	0.2585327
4	0	False	0.25664246
5	0	True	0.37692085
6	0	False	0.31160143
7	1	True	0.5705401
8	1	True	0.646177
9	1	True	0.4640149
10	0	True	0.5922288
11	0	False	0.28877944
12	0	False	0.31335223
13	1	True	0.5226484
14	1	True	0.48192438
15	1	True	0.39488754
16	1	False	0.31707406
17	0	False	0.18135588
18	0	False	0.17181638
19	0	False	0.21711902
20	0	False	0.13591631
21	0	False	0.15884869
22	0	False	0.25563616
23	0	False	0.122130886
24	0	False	0.17864177
25	0	False	0.13900076
26	0	False	0.10727937
27	0	False	0.10441171
28	0	False	0.11266446
29	0	False	0.15051372
30	0	False	0.14235398
31	0	True	0.3353118
32	0	False	0.19722803
33	0	False	0.18173386
34	0	True	0.55715925
35	0	True	0.45132282
36	0	False	0.26600775
37	0	False	0.25799853
38	0	False	0.24505846
39	0	False	0.29165283
40	0	False	0.1636676
41	0	False	0.2670413
42	1	False	0.29533127
43	0	False	0.23610497
44	1	True	0.38033718
45	1	False	0.31900075
46	0	False	0.113310374
47	0	False	0.10814507
48	0	False	0.1417374
49	0	False	0.063371524
50	0	False	0.07664854
51	0	False	0.20649704
52	0	False	0.058709968
53	0	False	0.08764794
54	0	False	0.04925706
55	0	False	0.050874077
56	0	False	0.053303447
57	0	False	0.04066509
58	0	False	0.05791987
59	0	False	0.05320251
60	0	False	0.10504517
61	0	False	0.062345628
62	0	False	0.053256832
63	0	False	0.072238974
64	0	False	0.056329384
65	0	False	0.10076312
66	0	False	0.09166051
67	0	False	0.07434367
68	0	False	0.05627604
69	0	False	0.061906427
70	0	False	0.083676055
71	0	False	0.11965016
72	0	False	0.098034516
73	0	False	0.10631808
74	0	False	0.0818441
75	0	False	0.09016489
76	0	False	0.07541383
77	0	False	0.14280161
78	0	False	0.08086257
79	0	False	0.09011645
80	0	False	0.31116325
81	1	True	0.43448225
82	1	False	0.3081888
83	0	False	0.09449502
84	0	False	0.082725815
85	0	False	0.08141412
86	0	False	0.06300997
87	0	False	0.059503585
88	0	False	0.063342705
89	0	False	0.09016168
90	0	False	0.066002846
91	0	False	0.052739684
92	0	False	0.0524681
93	0	False	0.043172292
94	0	False	0.059950206
95	0	False	0.06176046
96	0	False	0.048323996
97	0	False	0.054276574
98	0	False	0.056669306
99	0	False	0.11853079
100	0	False	0.072259896
101	0	False	0.061295882
102	0	False	0.08797139
103	0	False	0.055578902
104	0	False	0.097798906
105	0	False	0.088413306
106	0	False	0.087875694
107	0	False	0.19642739
108	0	False	0.059897546
109	0	False	0.08094153
110	0	False	0.09680987
111	0	False	0.07547438
112	0	False	0.115293
113	0	False	0.09829127
114	0	False	0.18356447
115	1	True	0.3738856
116	0	True	0.7915871
117	0	False	0.14573003
118	0	False	0.19094232
119	0	False	0.26770306
120	0	False	0.19422066
121	0	False	0.18964769
122	0	False	0.06513862
123	0	False	0.06409286
124	0	False	0.05568851
125	0	False	0.034734674
126	0	False	0.05907298
127	0	False	0.036298305
128	0	False	0.06336624
129	0	False	0.04669483
130	0	False	0.03602103
131	0	False	0.050250225
132	0	False	0.047762346
133	0	False	0.049542222
134	0	False	0.04648068
135	0	False	0.11133874
136	0	False	0.056240987
137	0	False	0.063519925
138	0	False	0.077855766
139	0	False	0.061066512
140	0	False	0.07000008
141	0	False	0.05746788
142	0	False	0.069545865
143	0	False	0.07092766
144	1	False	0.2570515
145	1	True	0.36288115
146	0	False	0.13879643
147	0	False	0.1191539
148	0	False	0.06554208
149	0	False	0.072763406
150	0	False	0.07339754
151	0	False	0.070927985
152	0	False	0.0692162
153	0	False	0.04666075
154	0	False	0.084478535
155	0	False	0.057281833
156	0	False	0.047842726
157	0	False	0.048920196
158	0	False	0.040805813
159	0	False	0.040947482
160	0	False	0.042663198
161	0	False	0.036466036
162	0	False	0.06077354
163	0	False	0.03851177
164	0	False	0.03884765
165	0	False	0.037117667
166	0	False	0.03407029
167	0	False	0.035051055
168	0	False	0.034885406
169	0	False	0.040922545
170	0	False	0.05502465
171	0	False	0.050777093
172	1	True	0.32202137
173	0	False	0.24480267
174	0	False	0.24900937
175	0	False	0.06522053
176	0	False	0.065479435
177	0	False	0.0818668
178	0	False	0.06944471
179	0	False	0.029026669
180	0	False	0.014542261
181	0	False	0.016611123
182	0	False	0.017483154
183	0	False	0.015910817
184	1	True	0.46710032
185	0	False	0.30799553
186	0	False	0.30799553
187	0	True	0.55033106
188	0	False	0.05721133
189	0	False	0.036411565
190	0	False	0.029885506
191	0	False	0.035811365
192	0	False	0.033423882
193	0	False	0.032328993
194	0	False	0.034462962
195	0	False	0.12499195
196	0	False	0.05823512
197	0	False	0.03332134
198	0	False	0.032447744
199	0	False	0.035405226
200	0	False	0.033949222
201	0	False	0.046312958
202	0	False	0.051965773
203	0	False	0.053336598
204	0	False	0.07129747
205	0	False	0.061919592
206	0	False	0.0570506
207	0	False	0.04178227
208	0	False	0.12520875
209	0	False	0.079772666
210	0	False	0.09179802
211	0	False	0.07873875
212	0	False	0.0613888
213	0	False	0.048839126
214	0	False	0.04324906
215	0	False	0.040657274
216	0	False	0.095209114
217	0	False	0.040814716
218	0	False	0.04117856
219	0	False	0.06490943
220	0	False	0.05927821
221	0	False	0.053430766
222	0	False	0.049313825
225	0	False	0.054705337
226	0	False	0.053614967
227	0	False	0.053484056
228	0	False	0.053484056
229	0	False	0.0644787
230	0	False	0.06640059
231	0	False	0.065333605
232	0	False	0.056118704
233	0	False	0.06533159
234	0	False	0.060684416
235	0	False	0.05234702
236	0	False	0.05250319
237	0	False	0.07023181
238	1	False	0.09234701
239	0	True	0.3788024
240	0	False	0.24533035
241	0	False	0.14710078
242	0	False	0.13549684
243	0	False	0.12216734
244	0	False	0.12765627
245	0	True	0.3622424
246	0	False	0.10659454
247	0	False	0.07076471
248	0	False	0.097910665
249	0	False	0.17141594
250	0	False	0.07810055
251	0	False	0.07679991
252	0	False	0.09475854
253	0	False	0.07763198
254	0	False	0.16941832
255	0	False	0.10485529
257	0	False	0.09602663
258	0	False	0.08917795
259	0	False	0.08739951
260	0	False	0.07188369
261	0	False	0.056276813
262	0	False	0.05472582
263	0	False	0.07715439
264	0	False	0.05798599
265	0	False	0.06554392
266	0	False	0.06443514
267	0	False	0.060975008
268	0	False	0.055047352
269	0	False	0.08965353
270	0	False	0.05022835
271	0	False	0.045610253
272	0	False	0.067628816
274	0	False	0.041630685
275	0	False	0.05689181
276	0	False	0.048684254
277	0	False	0.03429735
278	0	False	0.033310253
281	0	False	0.031406943
282	0	False	0.031406835
283	0	False	0.032120734
284	0	False	0.032120734
285	0	False	0.03808137
286	0	False	0.037849527
287	0	False	0.038204655
288	0	False	0.033819914
289	0	False	0.039805617
290	0	False	0.03780975
291	0	False	0.03142278
292	0	False	0.031019382
293	0	False	0.05278874
294	0	False	0.062481407
295	0	False	0.27463052
296	1	False	0.15999681
297	0	False	0.10401011
298	0	False	0.09338178
299	0	False	0.07340962
300	0	False	0.084291264
301	0	False	0.26562572
302	0	False	0.06943341
303	0	False	0.04994642
304	0	False	0.06657937
305	0	False	0.09978222
306	0	False	0.047576852
307	0	False	0.053928874
308	0	False	0.05943575
309	0	False	0.04643652
310	0	False	0.0985103
311	0	False	0.063835815
313	0	False	0.056521047
314	0	False	0.056814782
315	0	False	0.05507518
316	0	False	0.044882476
317	0	False	0.032973614
318	0	False	0.03386318
319	0	False	0.045798182
320	0	False	0.034814477
321	0	False	0.042801168
322	0	False	0.042059805
323	0	False	0.037960332
324	0	False	0.034047365
325	0	False	0.056859147
326	0	False	0.027911931
327	0	False	0.026584316
328	0	False	0.039056238
330	0	False	0.024518536
331	0	False	0.03568416
332	0	False	0.031347323
333	0	False	0.05230604
334	0	False	0.066173814
335	0	False	0.04640215
336	0	False	0.051740497
337	0	False	0.049792927
338	0	False	0.05396848
339	0	False	0.06616809
340	0	False	0.07912478
341	0	False	0.23238671
342	0	True	0.70933867
343	0	True	0.46995744
344	1	True	0.66830593
345	1	True	0.6218712
346	1	True	0.93861145
347	0	False	0.31712794
348	0	True	0.50020635
349	0	True	0.465156
350	0	False	0.22101507
351	0	False	0.17727888
352	0	False	0.24118774
353	0	False	0.17940325
354	0	True	0.4553083
355	0	False	0.27564633
357	0	False	0.20612909
358	0	False	0.11348515
359	0	False	0.11477559
360	0	False	0.10282932
361	0	False	0.095823064
362	0	False	0.07043199
363	0	False	0.11229538
364	0	False	0.08766003
365	0	False	0.09783386
366	0	False	0.1051032
367	0	False	0.12103555
368	0	False	0.11555729
369	0	False	0.14659514
370	0	False	0.13723013
371	0	False	0.16364905
372	0	False	0.12804335
374	0	False	0.06461447
375	0	False	0.06383244
376	0	False	0.097135946
378	0	True	0.38493168
379	0	False	0.2078936
380	0	False	0.19738887
381	0	False	0.2766011
382	0	False	0.13363062
383	0	False	0.20205122
384	0	False	0.25531805
385	0	True	0.5572069
386	0	True	0.78580004
387	1	True	0.784127
388	1	True	0.74162585
389	1	True	0.9172849
390	1	True	0.73712
391	0	True	0.6840377
392	0	True	0.9202024
393	1	True	0.689218
394	1	True	0.6157166
395	0	False	0.3056846
396	0	False	0.2742828
397	0	False	0.26040345
398	0	False	0.13188653
399	0	False	0.11282649
400	0	False	0.06989973
401	0	False	0.117909126
402	0	False	0.049193524
403	0	False	0.04955747
404	0	False	0.055656455
405	0	False	0.052179184
406	0	False	0.056726336
407	0	False	0.051106043
408	0	False	0.06855797
409	0	False	0.07056441
410	0	False	0.064422294
411	0	False	0.06431123
412	0	False	0.067282625
413	0	False	0.088467166
414	0	False	0.08719113
415	0	False	0.06635174
416	0	False	0.08613494
417	0	False	0.0679863
418	0	False	0.0590445
419	0	False	0.055845097
420	1	True	0.87424314
421	1	True	0.5305619
422	0	True	0.5188189
423	0	True	0.47386402
424	0	True	0.3348063
425	0	False	0.08174826
426	0	False	0.051265202
428	0	False	0.04990418
429	0	False	0.04819067
430	0	False	0.026111372
431	0	False	0.034365755
432	0	False	0.0740725
433	0	False	0.04389497
434	0	False	0.083702266
435	0	True	0.5621444
436	0	False	0.2864588
437	0	False	0.30456334
438	1	False	0.21202882
439	0	False	0.1636492
440	0	False	0.095414266
441	0	False	0.068165876
442	0	False	0.06487446
443	0	False	0.07238239
444	0	False	0.08713133
445	0	False	0.081054814
446	0	False	0.0631561
447	0	False	0.05083678
448	0	False	0.046257336
449	0	False	0.046269044
450	0	False	0.050440796
451	0	False	0.058588464
452	0	False	0.063375205
453	0	False	0.044916883
454	0	False	0.021815615
455	0	False	0.024483629
456	0	False	0.044709984
457	0	False	0.044608813
458	0	False	0.057495594
459	0	False	0.14485277
460	0	False	0.082308926
461	0	False	0.09886221
462	0	False	0.07015211
463	1	True	0.40786713
464	0	False	0.13636354
465	0	False	0.08430976
466	0	False	0.075207524
467	0	False	0.07442398
468	0	False	0.100551926
469	0	False	0.064363375
470	0	False	0.043700255
471	0	False	0.042487368
472	0	False	0.04096951
473	0	False	0.042108167
474	0	False	0.04349087
475	0	False	0.04454735
476	0	False	0.045685764
477	0	False	0.033117477
478	0	False	0.025624746
479	0	False	0.05078803
480	0	False	0.04919698
481	0	False	0.02500679
482	0	False	0.042083006
483	0	False	0.05284301
484	0	False	0.19823092
485	0	False	0.16306093
487	1	True	0.6050734
488	0	False	0.18798573
489	0	False	0.20731512
490	0	False	0.11019701
491	0	False	0.17257057
492	0	False	0.08555219
493	0	False	0.119725876
494	0	False	0.05499629
495	0	False	0.050657175
496	0	False	0.04722598
497	0	False	0.054054685
498	0	False	0.041796695
499	0	False	0.038658846
500	0	False	0.039716046
501	0	False	0.042416137
502	0	False	0.027277673
503	0	False	0.018742671
504	0	False	0.1584303
505	0	False	0.092826456
506	0	False	0.06335746
507	0	False	0.04878912
508	0	False	0.040346336
509	0	False	0.053511832
510	0	False	0.05988203
511	0	False	0.05486992
512	0	False	0.07320729
513	0	False	0.047451936
514	0	False	0.066327244
515	0	False	0.06926992
516	0	False	0.059868038
517	0	False	0.061927516
518	0	False	0.05118253
519	0	False	0.077957585
520	0	False	0.10460463
521	0	False	0.09864812
522	0	False	0.08817143
523	0	False	0.11042348
524	0	False	0.06689246
525	0	False	0.095635146
526	0	False	0.11405626
527	0	False	0.091739155
528	0	False	0.2732828
529	0	False	0.21182849
530	1	True	0.43058327
531	0	True	0.39250278
532	1	True	0.33113256
533	0	False	0.101483606
534	0	False	0.07494746
535	0	False	0.06952576
536	0	False	0.039587345
537	0	False	0.07333716
538	0	False	0.032528516
539	0	False	0.072437845
540	0	False	0.20071429
541	0	False	0.05313497
542	0	False	0.052440662
543	0	False	0.089875504
544	0	False	0.08446838
545	0	False	0.08615655
546	0	False	0.037473354
547	0	False	0.036290064
548	0	False	0.05326859
549	0	False	0.078014895
550	0	False	0.07218449
551	0	False	0.07140717
552	0	False	0.26478934
553	1	False	0.2759248
556	0	False	0.14588405
557	0	False	0.16164106
558	0	False	0.15187472
559	0	False	0.14478178
560	0	False	0.13701087
561	0	False	0.16400267
562	0	False	0.07103914
563	0	False	0.06989844
564	0	False	0.08515909
565	0	False	0.11021188
566	0	False	0.08261261
567	0	False	0.06482895
568	0	False	0.061103947
569	0	False	0.058854446
570	0	False	0.12782195
571	0	False	0.15468118
572	0	True	0.32844308
573	0	False	0.07937594
574	0	False	0.087206684
575	0	False	0.124768615
576	0	False	0.13093576
577	0	False	0.10054214
578	0	False	0.20630388
579	0	False	0.113154985
580	0	False	0.0700368
581	0	False	0.06868472
582	0	False	0.10173089
583	0	True	0.32128635
584	0	False	0.24658406
585	0	True	0.6250503
586	1	True	0.4730357
587	0	False	0.1990582
588	0	False	0.16387177
589	0	False	0.07711229
590	0	False	0.09490959
591	0	False	0.08856076
592	0	False	0.12428902
593	0	False	0.11340779
594	0	False	0.09617924
595	0	False	0.093812056
596	0	False	0.06220264
597	0	False	0.07117318
598	0	False	0.0976536
599	0	False	0.19551297
600	0	False	0.08233514
601	0	False	0.21297379
602	0	False	0.11755015
603	0	False	0.11764075
604	0	False	0.24353065
605	0	False	0.080055535
606	0	False	0.13741887
607	0	False	0.25334707
608	0	True	0.36035842
609	0	True	0.6251185
610	1	True	0.8639569
611	1	True	0.4426125
612	0	True	0.7074689
614	0	False	0.13138805
615	0	False	0.16142876
616	0	False	0.1580936
617	0	False	0.19042647
618	0	False	0.1287736
619	0	False	0.120881185
620	0	False	0.04225606
621	0	False	0.21169163
622	0	False	0.10629946
623	1	False	0.20969473
624	0	False	0.137885
625	0	False	0.1351252
626	0	False	0.07304249
627	0	False	0.06009834
628	0	False	0.03888386
629	0	False	0.018223105
630	0	False	0.03402964
631	0	False	0.06921488
632	1	True	0.564015
633	0	False	0.08900279
635	0	False	0.10354069
636	0	False	0.13809215
637	0	True	0.61033744
638	1	True	0.5217021
639	0	False	0.13447449
640	1	True	0.34814194
641	0	False	0.128272
642	0	False	0.26941144
643	0	False	0.10759742
644	0	False	0.11398031
645	0	False	0.13641393
646	0	False	0.19474468
647	0	False	0.058003344
648	0	False	0.091986075
649	0	False	0.09512102
650	0	False	0.10075286
651	0	False	0.13711552
652	0	False	0.1274888
653	0	False	0.21516953
654	0	False	0.1823961
655	0	False	0.22755294
656	0	False	0.12905975
657	0	True	0.59612775
658	1	False	0.27199158
659	1	False	0.2982058
660	1	False	0.32125798
661	0	False	0.22441386
662	1	False	0.19603254
663	0	False	0.15438406
664	0	False	0.115013294
665	0	False	0.11201555
666	0	False	0.0906927
667	0	False	0.13450804
668	0	False	0.11815631
669	0	True	0.80747473
670	0	True	0.71294796
671	1	True	0.95339966
672	1	True	0.9568
673	1	True	0.9553222
674	0	True	0.66495067
675	0	True	0.6609596
676	0	True	0.49093986
677	0	False	0.21133904
678	0	False	0.18547672
679	0	False	0.16856444
680	0	False	0.10946958
681	0	False	0.09320525
682	0	False	0.096062794
683	0	False	0.09561325
684	0	False	0.046550818
685	0	False	0.06369561
686	0	False	0.122940645
687	0	False	0.09838063
688	0	False	0.12750764
689	0	False	0.06413035
690	0	False	0.095027685
691	0	False	0.10527246
692	0	False	0.15685648
693	0	False	0.14325264
694	0	False	0.16380706
695	0	False	0.08483883
696	0	False	0.1565385
698	0	True	0.46859565
699	0	True	0.35154077
700	0	True	0.65678024
701	0	False	0.197121
702	0	False	0.2524723
703	0	False	0.17206591
704	0	True	0.42796087
705	1	True	0.6660502
706	1	True	0.8601216
707	0	False	0.27048486
708	0	False	0.13153112
709	0	False	0.089762785
710	0	False	0.10603956
711	0	False	0.059079725
712	0	False	0.096869506
713	0	False	0.08727382
714	0	False	0.09501906
715	0	False	0.04302011
716	0	False	0.042689018
717	0	False	0.0753178
718	0	False	0.07218816
719	0	False	0.09839512
720	0	False	0.0444955
721	0	False	0.10782525
722	0	False	0.05496043
723	0	False	0.1718125
724	0	False	0.13464674
725	0	False	0.12266544
726	0	False	0.11524169
727	0	False	0.26003587
728	0	True	0.8210959
730	0	True	0.9046914
731	0	True	0.88225347
732	0	True	0.94132125
733	0	True	0.7332429
734	0	True	0.6502055
735	0	True	0.67199105
736	0	True	0.8072999
737	0	False	0.2952772
738	0	True	0.39971754
739	0	False	0.12517405
740	0	False	0.12304054
741	0	True	0.36256775
742	0	True	0.42447925
743	1	True	0.4170142
744	0	True	0.39202207
745	0	False	0.24783899
746	0	False	0.3185483
747	0	False	0.23736241
748	0	False	0.18340562
749	0	False	0.11257681
750	0	False	0.103188954
751	0	False	0.09625865
752	0	False	0.1288043
753	0	False	0.074402586
754	0	False	0.10167752
755	0	False	0.09168731
756	0	False	0.11936509
757	0	False	0.07499311
758	0	False	0.039576687
759	0	False	0.04319967
760	0	False	0.18870823
761	0	False	0.07805847
762	0	False	0.054523665
763	0	False	0.14349751
764	0	False	0.054970626
765	0	False	0.07028283
766	0	False	0.1262331
767	0	False	0.038527094
768	0	False	0.037212487
769	0	False	0.04143737
770	0	False	0.048707638
771	0	False	0.048254773
772	0	False	0.188168
773	0	False	0.21740715
775	1	False	0.21348518
776	1	False	0.31841794
778	0	False	0.12678058
779	0	False	0.08659504
780	0	False	0.12321782
781	0	True	0.5699405
782	0	True	0.40637055
783	0	False	0.09422785
784	0	False	0.0528609
785	0	False	0.07752679
786	0	False	0.06545179
787	0	False	0.09338902
788	0	False	0.088729374
789	0	False	0.20803875
790	0	True	0.35350004
791	1	False	0.28008017
793	0	True	0.6411556
794	0	False	0.16549678
796	0	False	0.0388691
797	0	False	0.05798895
798	0	False	0.3098974
799	0	False	0.1578317
800	1	False	0.27239195
801	0	False	0.12179621
802	0	False	0.12869936
803	0	False	0.08244561
805	0	False	0.04572406
806	0	False	0.03978209
807	0	False	0.0482221
808	0	False	0.060194608
809	0	False	0.07329982
810	0	False	0.043486856
811	0	False	0.039071005
812	0	False	0.053204007
813	0	False	0.04346519
814	0	False	0.10257945
815	0	False	0.20447367
816	0	False	0.090934664
817	0	False	0.044907577
818	0	False	0.07638507
819	0	False	0.084712625
820	0	False	0.108501896
821	0	False	0.03637023
822	0	False	0.032663506
823	0	False	0.03650023
824	0	False	0.030249774
825	0	False	0.018298827
826	0	False	0.021711169
828	0	False	0.048194792
829	0	False	0.13393506
830	0	False	0.083299786
831	0	False	0.13216402
832	0	False	0.12906653
833	0	False	0.094046034
834	0	False	0.10466534
836	0	False	0.122209206
837	0	False	0.18248852
838	0	False	0.13760573
839	0	True	0.33835384
840	0	True	0.5632539
841	0	True	0.32404226
842	0	False	0.28426495
843	0	True	0.43113866
844	0	True	0.4112175
845	1	True	0.7187514
846	1	True	0.9462069
847	1	True	0.7121119
848	1	True	0.62848705
849	1	True	0.8556549
850	1	True	0.88121045
851	0	False	0.29137424
852	0	False	0.11481927
853	0	False	0.13916169
854	0	False	0.108023666
855	0	False	0.094242275
856	0	False	0.11382452
858	0	False	0.07234022
859	0	False	0.059548166
860	0	False	0.057095733
861	0	False	0.05037498
862	0	False	0.047778036
863	0	False	0.047485646
864	0	False	0.057942577
865	0	False	0.035596427
866	0	False	0.032973092
867	0	False	0.061293826
868	0	False	0.038256384
869	0	False	0.048088584
870	0	False	0.05071349
871	0	False	0.12313514
872	0	False	0.09236748
873	0	False	0.03450963
874	0	False	0.053385533
875	0	False	0.0408022
876	0	False	0.04810915
877	0	False	0.09183514
878	0	False	0.10033349
879	0	False	0.10033349
880	0	False	0.04068777
881	0	False	0.030072737
882	0	False	0.04203739
883	0	False	0.060168255
884	0	False	0.06905781
885	0	False	0.054841187
886	0	False	0.046714213
887	0	False	0.056066267
888	1	False	0.21944405
889	0	False	0.23741938
890	0	False	0.08431587
891	0	False	0.05930975
892	0	False	0.057525042
893	0	False	0.06280058
894	0	False	0.078703664
895	0	False	0.05901712
896	0	False	0.04472185
897	0	False	0.055706035
898	0	False	0.051640503
900	0	False	0.029113593
901	0	False	0.034667756
902	0	False	0.026121682
903	0	False	0.041238453
904	0	False	0.042449478
905	0	False	0.045414794
906	0	False	0.030589672
907	0	False	0.06417072
908	0	False	0.08288141
909	0	False	0.16312224
910	0	False	0.092652954
911	0	False	0.087485924
912	0	False	0.03146225
913	0	False	0.03942603
914	0	False	0.031538825
915	0	False	0.038601957
916	0	False	0.03149083
917	0	False	0.031868305
