	Significant	y_pred	y_prob
0	0	False	0.25931358
1	0	False	0.25320408
2	0	True	0.45966586
3	0	False	0.27551228
4	0	False	0.28108102
5	0	True	0.3085458
6	0	False	0.29125664
7	1	True	0.42633343
8	1	True	0.55524176
9	1	True	0.36339635
10	0	True	0.42446858
11	0	False	0.2993088
12	0	False	0.27477604
13	1	True	0.47754163
14	1	True	0.36791313
15	1	True	0.3954218
16	1	True	0.32769486
17	0	False	0.16860414
18	0	False	0.17385882
19	0	False	0.20353897
20	0	False	0.16532215
21	0	False	0.17574753
22	0	False	0.2445532
23	0	False	0.12301176
24	0	False	0.1780525
25	0	False	0.11441413
26	0	False	0.13602997
27	0	False	0.10598596
28	0	False	0.116609246
29	0	False	0.14142117
30	0	False	0.15620866
31	0	False	0.2942582
32	0	False	0.15565862
33	0	False	0.1516344
34	0	True	0.406776
35	0	True	0.43202722
36	0	False	0.2068809
37	0	False	0.25556076
38	0	False	0.20448652
39	0	False	0.2095368
40	0	False	0.15157846
41	0	False	0.19321923
42	1	False	0.21652085
43	0	False	0.16145544
44	1	False	0.30613106
45	1	False	0.2298737
46	0	False	0.08976754
47	0	False	0.114981815
48	0	False	0.15693742
49	0	False	0.07589966
50	0	False	0.08407687
51	0	False	0.16437784
52	0	False	0.059223294
53	0	False	0.07777058
54	0	False	0.05451833
55	0	False	0.065681435
56	0	False	0.055098012
57	0	False	0.048895553
58	0	False	0.055651944
59	0	False	0.046227418
60	0	False	0.087451614
61	0	False	0.05265455
62	0	False	0.050675686
63	0	False	0.05283418
64	0	False	0.05104504
65	0	False	0.059375145
66	0	False	0.06036818
67	0	False	0.045283943
68	0	False	0.050572842
69	0	False	0.041651342
70	0	False	0.043244313
71	0	False	0.07859909
72	0	False	0.05566444
73	0	False	0.076958366
74	0	False	0.06061018
75	0	False	0.06004605
76	0	False	0.060124025
77	0	False	0.11632399
78	0	False	0.06459377
79	0	False	0.07821244
80	0	False	0.20013095
81	1	False	0.26711375
82	1	False	0.21710815
83	0	False	0.057481512
84	0	False	0.076116644
85	0	False	0.061567143
86	0	False	0.050152916
87	0	False	0.05104149
88	0	False	0.04825511
89	0	False	0.06596971
90	0	False	0.061774977
91	0	False	0.045863625
92	0	False	0.057648934
93	0	False	0.050701626
94	0	False	0.046545792
95	0	False	0.045294356
96	0	False	0.05206406
97	0	False	0.10436518
98	0	False	0.10991609
99	0	False	0.18897188
100	0	False	0.11673773
101	0	False	0.11697135
102	0	False	0.12485253
103	0	False	0.08744081
104	0	False	0.08736787
105	0	False	0.091625646
106	0	False	0.09800296
107	0	False	0.26860172
108	0	False	0.08941148
109	0	False	0.09790919
110	0	False	0.11075617
111	0	False	0.089574225
112	0	False	0.18708047
113	0	False	0.12448476
114	0	True	0.31808853
115	1	True	0.45225897
116	0	True	0.89427364
117	0	True	0.334857
118	0	True	0.3737508
119	0	False	0.25359783
120	0	False	0.2904836
121	0	False	0.26170397
122	0	False	0.099740826
123	0	False	0.13135055
124	0	False	0.09468643
125	0	False	0.067214176
126	0	False	0.11800853
127	0	False	0.055443216
128	0	False	0.095861435
129	0	False	0.06251646
130	0	False	0.041965786
131	0	False	0.04461804
132	0	False	0.054612275
133	0	False	0.04482129
134	0	False	0.045730222
135	0	False	0.1023079
136	0	False	0.050320107
137	0	False	0.061144438
138	0	False	0.067859106
139	0	False	0.07026091
140	0	False	0.07919054
141	0	False	0.06342368
142	0	False	0.0689943
143	0	False	0.055599608
144	1	False	0.23767225
145	1	True	0.3982945
146	0	False	0.119189195
147	0	False	0.1318055
148	0	False	0.08804744
149	0	False	0.083027035
150	0	False	0.07794892
151	0	False	0.060819607
152	0	False	0.0618694
153	0	False	0.047697283
154	0	False	0.074798875
155	0	False	0.05367057
156	0	False	0.047896747
157	0	False	0.047896747
158	0	False	0.042348467
159	0	False	0.042209808
160	0	False	0.040071253
161	0	False	0.0294021
162	0	False	0.05723815
163	0	False	0.04562843
164	0	False	0.033711
165	0	False	0.050747108
166	0	False	0.038798966
167	0	False	0.03688053
168	0	False	0.036597878
169	0	False	0.039781466
170	0	False	0.05627456
171	0	False	0.0832803
172	1	True	0.33616853
173	0	False	0.30200198
174	0	False	0.30200198
175	0	False	0.12420216
176	0	False	0.09003778
177	0	False	0.09283785
178	0	False	0.10489305
179	0	False	0.034627415
180	0	False	0.021442158
181	0	False	0.025620436
182	0	False	0.035885718
183	0	False	0.02503341
184	1	True	0.5048414
185	0	True	0.4175707
186	0	True	0.4175707
187	0	True	0.59242535
188	0	False	0.062373187
189	0	False	0.033977445
190	0	False	0.04138238
191	0	False	0.04341107
192	0	False	0.039908674
193	0	False	0.037741303
194	0	False	0.032952305
195	0	False	0.07857659
196	0	False	0.044068523
197	0	False	0.032469258
198	0	False	0.032423943
199	0	False	0.03889444
200	0	False	0.04258614
201	0	False	0.06430324
202	0	False	0.07138158
203	0	False	0.046059225
204	0	False	0.0631286
205	0	False	0.053063154
206	0	False	0.04511714
207	0	False	0.033302903
208	0	False	0.09377981
209	0	False	0.07612604
210	0	False	0.062674835
211	0	False	0.05449436
212	0	False	0.044266835
213	0	False	0.04128651
214	0	False	0.05295922
215	0	False	0.03885229
216	0	False	0.0692253
217	0	False	0.032901864
218	0	False	0.037698794
219	0	False	0.04617533
220	0	False	0.053482097
221	0	False	0.05232304
222	0	False	0.052183185
225	0	False	0.059378143
226	0	False	0.05933701
227	0	False	0.06898681
228	0	False	0.066496365
229	0	False	0.08415941
230	0	False	0.085152395
231	0	False	0.07628434
232	0	False	0.065160446
233	0	False	0.069611214
234	0	False	0.05301612
235	0	False	0.08063451
236	0	False	0.074752755
237	0	False	0.053294636
238	1	False	0.053952467
239	0	False	0.19574924
240	0	False	0.18425642
241	0	False	0.18295121
242	0	False	0.14379467
243	0	False	0.11746717
244	0	False	0.10424002
245	0	True	0.46460322
246	0	False	0.10807025
247	0	False	0.07184858
248	0	False	0.07308927
249	0	False	0.17679052
250	0	False	0.07440932
251	0	False	0.06530575
252	0	False	0.09279528
253	0	False	0.08549582
254	0	False	0.10959791
255	0	False	0.06324589
257	0	False	0.111342296
258	0	False	0.08354899
259	0	False	0.07595243
260	0	False	0.07359184
261	0	False	0.08984029
262	0	False	0.058114965
263	0	False	0.09324297
264	0	False	0.07109677
265	0	False	0.05751636
266	0	False	0.07140703
267	0	False	0.06958137
268	0	False	0.06127346
269	0	False	0.1056519
270	0	False	0.075627096
271	0	False	0.07043634
272	0	False	0.071708634
274	0	False	0.0494489
275	0	False	0.046116393
276	0	False	0.051219072
277	0	False	0.045250345
278	0	False	0.04512849
281	0	False	0.0498134
282	0	False	0.049139656
283	0	False	0.056395337
284	0	False	0.05433292
285	0	False	0.06768925
286	0	False	0.06850243
287	0	False	0.062059827
288	0	False	0.056561146
289	0	False	0.056279257
290	0	False	0.049120296
291	0	False	0.06613748
292	0	False	0.0622209
293	0	False	0.049490202
294	0	False	0.04839546
295	0	False	0.16412364
296	1	False	0.15131678
297	0	False	0.15595491
298	0	False	0.11739374
299	0	False	0.0946945
300	0	False	0.087294824
301	0	True	0.42970195
302	0	False	0.08777417
303	0	False	0.060612675
304	0	False	0.059823614
305	0	False	0.15497987
306	0	False	0.06180917
307	0	False	0.055720676
308	0	False	0.07344232
309	0	False	0.06854197
310	0	False	0.082489304
311	0	False	0.052856125
313	0	False	0.08711829
314	0	False	0.07205314
315	0	False	0.06730622
316	0	False	0.06116848
317	0	False	0.073821075
318	0	False	0.049692582
319	0	False	0.07430405
320	0	False	0.05906775
321	0	False	0.051612277
322	0	False	0.06324284
323	0	False	0.05886507
324	0	False	0.05584193
325	0	False	0.08824219
326	0	False	0.064858265
327	0	False	0.06140091
328	0	False	0.061420232
330	0	False	0.04159845
331	0	False	0.040716257
332	0	False	0.046941042
333	0	False	0.064761795
334	0	False	0.07692323
335	0	False	0.06029298
336	0	False	0.07226495
337	0	False	0.061492044
338	0	False	0.06347257
339	0	False	0.07988177
340	0	False	0.119234085
341	0	False	0.29911143
342	0	True	0.74413955
343	0	True	0.5231009
344	1	True	0.8544861
345	1	True	0.7384338
346	1	True	0.9523526
347	0	True	0.41788453
348	0	True	0.4792223
349	0	True	0.5309131
350	0	True	0.3613688
351	0	False	0.2929315
352	0	True	0.46762922
353	0	True	0.37515077
354	0	True	0.55210495
355	0	True	0.34114257
357	0	False	0.19621275
358	0	False	0.1952823
359	0	False	0.17672256
360	0	False	0.120643735
361	0	False	0.18165897
362	0	False	0.09927324
363	0	False	0.14207435
364	0	False	0.11699585
365	0	False	0.15442659
366	0	False	0.19768487
367	0	False	0.15988407
368	0	False	0.19436641
369	0	False	0.1912068
370	0	False	0.29719
371	0	True	0.3870761
372	0	False	0.2552584
374	0	False	0.077679075
375	0	False	0.084073365
376	0	False	0.15223645
378	0	True	0.4524773
379	0	True	0.3721652
380	0	True	0.31206712
381	0	True	0.36660066
382	0	False	0.25326765
383	0	False	0.27444145
384	0	True	0.31726268
385	0	True	0.54963326
386	0	True	0.7790358
387	1	True	0.7413877
388	1	True	0.6977033
389	1	True	0.90185046
390	1	True	0.7176126
391	0	True	0.62339485
392	0	True	0.87623584
393	1	True	0.5550297
394	1	True	0.5376299
395	0	True	0.46674052
396	0	True	0.41390043
397	0	True	0.3320347
398	0	False	0.1970053
399	0	False	0.14886881
400	0	False	0.10591459
401	0	False	0.11883047
402	0	False	0.09676552
403	0	False	0.09720963
404	0	False	0.09522583
405	0	False	0.08353957
406	0	False	0.092471726
407	0	False	0.07322609
408	0	False	0.09181543
409	0	False	0.0872835
410	0	False	0.092334494
411	0	False	0.095325954
412	0	False	0.0830924
413	0	False	0.18099184
414	0	False	0.09876591
415	0	False	0.09999933
416	0	False	0.12555182
417	0	False	0.07265492
418	0	False	0.09545214
419	0	False	0.07960661
420	1	True	0.7671596
421	1	True	0.38714623
422	0	True	0.38401455
423	0	True	0.314662
424	0	False	0.25449225
425	0	False	0.072509564
426	0	False	0.059969634
428	0	False	0.049709935
429	0	False	0.048352905
430	0	False	0.041966464
431	0	False	0.0464056
432	0	False	0.09854128
433	0	False	0.052845027
434	0	False	0.09780873
435	0	True	0.40577784
436	0	False	0.18393315
437	0	False	0.2608616
438	1	False	0.24064526
439	0	False	0.15447718
440	0	False	0.12354522
441	0	False	0.09555969
442	0	False	0.089284316
443	0	False	0.0919124
444	0	False	0.10045832
445	0	False	0.08703982
446	0	False	0.07615457
447	0	False	0.052447073
448	0	False	0.051291816
449	0	False	0.06267956
450	0	False	0.06267956
451	0	False	0.07382086
452	0	False	0.084834695
453	0	False	0.06801853
454	0	False	0.028671646
455	0	False	0.029490452
456	0	False	0.060612533
457	0	False	0.04180146
458	0	False	0.06635517
459	0	False	0.23179959
460	0	False	0.10187194
461	0	False	0.14902113
462	0	False	0.08852226
463	1	True	0.41777718
464	0	False	0.14441088
465	0	False	0.08708638
466	0	False	0.085714564
467	0	False	0.06761347
468	0	False	0.11924829
469	0	False	0.08779894
470	0	False	0.05647833
471	0	False	0.055152953
472	0	False	0.055957552
473	0	False	0.0664339
474	0	False	0.0664339
475	0	False	0.06613992
476	0	False	0.0855132
477	0	False	0.05840885
478	0	False	0.03582893
479	0	False	0.05234916
480	0	False	0.054097563
481	0	False	0.034965076
482	0	False	0.06671905
483	0	False	0.05425625
484	0	False	0.27063587
485	0	False	0.2420602
487	1	True	0.553485
488	0	False	0.18612215
489	0	False	0.15569933
490	0	False	0.10327896
491	0	False	0.16449033
492	0	False	0.1325688
493	0	False	0.10281419
494	0	False	0.06357114
495	0	False	0.057446066
496	0	False	0.055255402
497	0	False	0.082105905
498	0	False	0.050675754
499	0	False	0.051435865
500	0	False	0.05021111
501	0	False	0.051261254
502	0	False	0.03968868
503	0	False	0.03009152
504	0	False	0.15801498
505	0	False	0.10278046
506	0	False	0.10624903
507	0	False	0.06845647
508	0	False	0.07231201
509	0	False	0.09693734
510	0	False	0.095780455
511	0	False	0.07357317
512	0	False	0.0943893
513	0	False	0.07116407
514	0	False	0.10554679
515	0	False	0.095414884
516	0	False	0.09313366
517	0	False	0.098643705
518	0	False	0.078821175
519	0	False	0.09196855
520	0	False	0.116466515
521	0	False	0.14308146
522	0	False	0.09311773
523	0	False	0.10170988
524	0	False	0.08221096
525	0	False	0.1440185
526	0	False	0.13477765
527	0	False	0.14697503
528	0	False	0.24770297
529	0	False	0.18533003
530	1	True	0.36155337
531	0	False	0.30326292
532	1	False	0.29002863
533	0	False	0.14834593
534	0	False	0.0975854
535	0	False	0.077248245
536	0	False	0.07538728
537	0	False	0.10011243
538	0	False	0.0776666
539	0	False	0.09619609
540	0	False	0.2540257
541	0	False	0.07731806
542	0	False	0.07102012
543	0	False	0.12230057
544	0	False	0.1201951
545	0	False	0.08449043
546	0	False	0.076163456
547	0	False	0.0860144
548	0	False	0.094857424
549	0	False	0.10412727
550	0	False	0.11178174
551	0	False	0.11017952
552	0	False	0.26413086
553	1	False	0.25026447
556	0	False	0.1556761
557	0	False	0.1794283
558	0	False	0.16731092
559	0	False	0.14923917
560	0	False	0.15434614
561	0	False	0.13680841
562	0	False	0.12136966
563	0	False	0.077827066
564	0	False	0.08804709
565	0	False	0.08978288
566	0	False	0.09431803
567	0	False	0.06537843
568	0	False	0.05991311
569	0	False	0.058812127
570	0	False	0.17557529
571	0	False	0.25048098
572	0	True	0.3845873
573	0	False	0.075996205
574	0	False	0.101507455
575	0	False	0.17426088
576	0	False	0.15959427
577	0	False	0.10676215
578	0	False	0.2771412
579	0	False	0.16100895
580	0	False	0.07162488
581	0	False	0.0774142
582	0	False	0.11661558
583	0	False	0.29980373
584	0	True	0.31031656
585	0	True	0.55143094
586	1	True	0.42596617
587	0	True	0.3103968
588	0	False	0.1845303
589	0	False	0.12949555
590	0	False	0.13915695
591	0	False	0.124193184
592	0	False	0.11100148
593	0	False	0.11360401
594	0	False	0.13073447
595	0	False	0.10884753
596	0	False	0.098652236
597	0	False	0.10505204
598	0	False	0.10934766
599	0	False	0.13624755
600	0	False	0.055208888
601	0	False	0.16784093
602	0	False	0.08212093
603	0	False	0.08077791
604	0	False	0.19051583
605	0	False	0.07179886
606	0	False	0.14026351
607	0	False	0.2935715
608	0	True	0.31675124
609	0	True	0.40836763
610	1	True	0.69922906
611	1	True	0.3632441
612	0	True	0.46590498
614	0	False	0.103454344
615	0	False	0.105102465
616	0	False	0.123301715
617	0	False	0.18280858
618	0	False	0.099264294
619	0	False	0.087829605
620	0	False	0.1408303
621	0	True	0.3838328
622	0	True	0.32635394
623	1	False	0.22422944
624	0	False	0.27181828
625	0	False	0.27181828
626	0	False	0.18730684
627	0	False	0.1766851
628	0	False	0.12868157
629	0	False	0.07062891
630	0	False	0.09186222
631	0	False	0.13004021
632	1	True	0.46356535
633	0	False	0.047412638
635	0	False	0.06554742
636	0	False	0.08874528
637	0	True	0.32560655
638	1	False	0.26080766
639	0	False	0.082152694
640	1	False	0.1273352
641	0	False	0.0824185
642	0	False	0.10361343
643	0	False	0.061031323
644	0	False	0.06637148
645	0	False	0.07777742
646	0	False	0.110803455
647	0	False	0.048332646
648	0	False	0.058387548
649	0	False	0.058215123
650	0	False	0.0583722
651	0	False	0.075078264
652	0	False	0.07024553
653	0	False	0.10408176
654	0	False	0.12116934
655	0	False	0.13348629
656	0	False	0.0913689
657	0	True	0.4357759
658	1	False	0.21783926
659	1	False	0.23050374
660	1	False	0.23839031
661	0	False	0.2142131
662	1	False	0.11494169
663	0	False	0.1247171
664	0	False	0.11469655
665	0	False	0.059262335
666	0	False	0.1487545
667	0	False	0.18014586
668	0	False	0.18959375
669	0	True	0.7343577
670	0	True	0.66160023
671	1	True	0.9298705
672	1	True	0.94166154
673	1	True	0.93966746
674	0	True	0.6378705
675	0	True	0.6549967
676	0	True	0.59200686
677	0	False	0.20474586
678	0	False	0.23866704
679	0	False	0.22294512
680	0	False	0.11333041
681	0	False	0.093780234
682	0	False	0.10943578
683	0	False	0.09885926
684	0	False	0.05502755
685	0	False	0.082109176
686	0	False	0.16665596
687	0	False	0.14627479
688	0	False	0.12930359
689	0	False	0.09426564
690	0	False	0.12019621
691	0	False	0.102559306
692	0	False	0.1579693
693	0	False	0.16132003
694	0	False	0.16986834
695	0	False	0.10913732
696	0	False	0.15008928
698	0	True	0.4992122
699	0	True	0.3512605
700	0	True	0.63108283
701	0	False	0.23996049
702	0	False	0.24368057
703	0	False	0.1619642
704	0	True	0.42014632
705	1	True	0.4413521
706	1	True	0.7125451
707	0	True	0.33274117
708	0	False	0.20580798
709	0	False	0.11543747
710	0	False	0.12727486
711	0	False	0.10089294
712	0	False	0.12279844
713	0	False	0.11549418
714	0	False	0.08990589
715	0	False	0.051473685
716	0	False	0.05340012
717	0	False	0.096317716
718	0	False	0.12981652
719	0	False	0.1330665
720	0	False	0.06483115
721	0	False	0.11062492
722	0	False	0.09994503
723	0	False	0.2347268
724	0	False	0.21855268
725	0	False	0.14577685
726	0	False	0.1429921
727	0	True	0.34179884
728	0	True	0.7419396
730	0	True	0.8807973
731	0	True	0.84511584
732	0	True	0.8941255
733	0	True	0.64180213
734	0	True	0.6584254
735	0	True	0.63125163
736	0	True	0.7135983
737	0	True	0.36815837
738	0	True	0.4544575
739	0	False	0.16500443
740	0	False	0.15385865
741	0	True	0.3199613
742	0	True	0.44178164
743	1	True	0.41109118
744	0	True	0.3693515
745	0	True	0.32343218
746	0	True	0.3534018
747	0	False	0.30321705
748	0	False	0.18749261
749	0	False	0.1849986
750	0	False	0.13713385
751	0	False	0.13439262
752	0	False	0.14675227
753	0	False	0.12128915
754	0	False	0.119771935
755	0	False	0.13070321
756	0	False	0.19042467
757	0	False	0.102570154
758	0	False	0.058828138
759	0	False	0.051956944
760	0	False	0.17971009
761	0	False	0.114389345
762	0	False	0.07597444
763	0	False	0.14359868
764	0	False	0.07364216
765	0	False	0.071365714
766	0	False	0.15451898
767	0	False	0.04915831
768	0	False	0.04123163
769	0	False	0.04820724
770	0	False	0.049126323
771	0	False	0.050303977
772	0	False	0.23344669
773	0	False	0.2764555
775	1	True	0.3074647
776	1	True	0.3624165
778	0	False	0.23489168
779	0	False	0.21195681
780	0	False	0.22813798
781	0	True	0.70154774
782	0	True	0.6042523
783	0	False	0.20448747
784	0	False	0.1333511
785	0	False	0.14266513
786	0	False	0.1180723
787	0	False	0.19003475
788	0	False	0.20816392
789	0	False	0.22813918
790	0	False	0.2769348
791	1	True	0.3064758
793	0	True	0.3817047
794	0	False	0.17450008
796	0	False	0.07217261
797	0	False	0.09109274
798	0	True	0.38632104
799	0	False	0.25204742
800	1	True	0.43048203
801	0	False	0.21927138
802	0	False	0.20596218
803	0	False	0.16513537
805	0	False	0.07296102
806	0	False	0.081556275
807	0	False	0.093194924
808	0	False	0.11601089
809	0	False	0.09149639
810	0	False	0.08499063
811	0	False	0.062802665
812	0	False	0.07617225
813	0	False	0.066469364
814	0	False	0.12112898
815	0	False	0.24883346
816	0	False	0.13717704
817	0	False	0.062313925
818	0	False	0.08441179
819	0	False	0.124342635
820	0	False	0.14104149
821	0	False	0.072011925
822	0	False	0.050163798
823	0	False	0.06546802
824	0	False	0.051904734
825	0	False	0.04048618
826	0	False	0.038860712
828	0	False	0.103219405
829	0	False	0.16018595
830	0	False	0.1034704
831	0	False	0.16801938
832	0	False	0.12054526
833	0	False	0.1477152
834	0	False	0.13057126
836	0	False	0.14415719
837	0	False	0.22760163
838	0	False	0.15699038
839	0	True	0.35038337
840	0	True	0.5923675
841	0	True	0.5008545
842	0	True	0.38761038
843	0	True	0.4640475
844	0	True	0.44480366
845	1	True	0.7021691
846	1	True	0.8991284
847	1	True	0.6678258
848	1	True	0.5541582
849	1	True	0.7588905
850	1	True	0.7991099
851	0	True	0.418791
852	0	False	0.158163
853	0	False	0.13818517
854	0	False	0.11596601
855	0	False	0.117608555
856	0	False	0.12457524
858	0	False	0.09291972
859	0	False	0.10209777
860	0	False	0.101623826
861	0	False	0.09553218
862	0	False	0.09323632
863	0	False	0.089539036
864	0	False	0.103684515
865	0	False	0.054418243
866	0	False	0.051593363
867	0	False	0.07964286
868	0	False	0.05216103
869	0	False	0.06775805
870	0	False	0.065681465
871	0	False	0.118382625
872	0	False	0.09034589
873	0	False	0.058959495
874	0	False	0.0704284
875	0	False	0.061400484
876	0	False	0.059691433
877	0	False	0.07884155
878	0	False	0.076024
879	0	False	0.076024
880	0	False	0.060089707
881	0	False	0.06811374
882	0	False	0.06050332
883	0	False	0.08468625
884	0	False	0.09358412
885	0	False	0.060586087
886	0	False	0.063355125
887	0	False	0.06204323
888	1	False	0.2208448
889	0	False	0.25459146
890	0	False	0.13961576
891	0	False	0.0735695
892	0	False	0.089603394
893	0	False	0.08851899
894	0	False	0.09368482
895	0	False	0.07261764
896	0	False	0.05962281
897	0	False	0.06344348
898	0	False	0.0746033
900	0	False	0.049285598
901	0	False	0.058666963
902	0	False	0.04872388
903	0	False	0.065931566
904	0	False	0.058539316
905	0	False	0.056246594
906	0	False	0.05309201
907	0	False	0.088273875
908	0	False	0.10145402
909	0	False	0.19519801
910	0	False	0.09326558
911	0	False	0.09256941
912	0	False	0.057062212
913	0	False	0.04872672
914	0	False	0.05486742
915	0	False	0.05833832
916	0	False	0.05511629
917	0	False	0.055273663
