	Significant	y_pred	y_prob
0	0	False	0.23722036
1	0	False	0.21144128
2	0	True	0.34300712
3	0	True	0.30550417
4	0	True	0.30550417
5	0	True	0.32898793
6	0	True	0.3559584
7	1	True	0.42373362
8	1	True	0.5088226
9	1	True	0.37574166
10	0	True	0.37311476
11	0	False	0.26247838
12	0	False	0.25193983
13	1	True	0.33912733
14	1	False	0.29988444
15	1	False	0.28115827
16	1	False	0.2657719
17	0	False	0.20630299
18	0	False	0.16482429
19	0	False	0.1812088
20	0	False	0.15614544
21	0	False	0.16241449
22	0	False	0.20091052
23	0	False	0.14629121
24	0	False	0.17383689
25	0	False	0.12615436
26	0	False	0.14311834
27	0	False	0.14205427
28	0	False	0.16153657
29	0	False	0.21935526
30	0	False	0.21431714
31	0	True	0.3562934
32	0	True	0.3079209
33	0	True	0.3079209
34	0	True	0.41948092
35	0	True	0.39711973
36	0	False	0.2794214
37	0	True	0.31099376
38	0	False	0.29507488
39	0	False	0.26277146
40	0	False	0.22970888
41	0	False	0.23008999
42	1	False	0.261861
43	0	False	0.23014721
44	1	True	0.3204138
45	1	False	0.30378693
46	0	False	0.18305176
47	0	False	0.15945902
48	0	False	0.22313845
49	0	False	0.114048176
50	0	False	0.114048176
51	0	False	0.26196292
52	0	False	0.10844239
53	0	False	0.12252796
54	0	False	0.115610614
55	0	False	0.10815397
56	0	False	0.11213192
57	0	False	0.13142373
58	0	False	0.112324215
59	0	False	0.09994493
60	0	False	0.1304917
61	0	False	0.10474457
62	0	False	0.10474457
63	0	False	0.106573716
64	0	False	0.0927111
65	0	False	0.12167783
66	0	False	0.12458433
67	0	False	0.106559545
68	0	False	0.10048264
69	0	False	0.10743293
70	0	False	0.10228063
71	0	False	0.12502185
72	0	False	0.11603305
73	0	False	0.10885287
74	0	False	0.12149951
75	0	False	0.15770915
76	0	False	0.1324403
77	0	False	0.19882587
78	0	False	0.15408178
79	0	False	0.15727957
80	0	False	0.2635536
81	1	False	0.28557634
82	1	False	0.27552462
83	0	False	0.13931662
84	0	False	0.13931085
85	0	False	0.15373397
86	0	False	0.11905387
87	0	False	0.11578573
88	0	False	0.11090735
89	0	False	0.11809177
90	0	False	0.11301813
91	0	False	0.0927111
92	0	False	0.11213155
93	0	False	0.09169852
94	0	False	0.09702994
95	0	False	0.09702994
96	0	False	0.09169852
97	0	False	0.13085358
98	0	False	0.100523084
99	0	False	0.14968334
100	0	False	0.13159496
101	0	False	0.13159496
102	0	False	0.12140734
103	0	False	0.10072643
104	0	False	0.1249053
105	0	False	0.14151946
106	0	False	0.11871278
107	0	False	0.2523178
108	0	False	0.11227708
109	0	False	0.111569606
110	0	False	0.124179184
111	0	False	0.12487277
112	0	False	0.121766
113	0	False	0.12609461
114	0	False	0.30030245
115	1	True	0.42009726
116	0	True	0.7100038
117	0	False	0.2693791
118	0	False	0.28561884
119	0	False	0.2051331
120	0	False	0.25262624
121	0	False	0.22596014
122	0	False	0.11087943
123	0	False	0.10633004
124	0	False	0.10753498
125	0	False	0.11067864
126	0	False	0.14069997
127	0	False	0.09326158
128	0	False	0.11320541
129	0	False	0.09249681
130	0	False	0.08675664
131	0	False	0.08857414
132	0	False	0.09924954
133	0	False	0.08955561
134	0	False	0.08955561
135	0	False	0.121014655
136	0	False	0.099106595
137	0	False	0.11215446
138	0	False	0.11156574
139	0	False	0.098242894
140	0	False	0.14483735
141	0	False	0.11987737
142	0	False	0.12694268
143	0	False	0.1119033
144	1	False	0.2057624
145	1	True	0.3572235
146	0	False	0.21598193
147	0	False	0.18950066
148	0	False	0.16382426
149	0	False	0.13770683
150	0	False	0.13770683
151	0	False	0.101731256
152	0	False	0.09735613
153	0	False	0.093521684
154	0	False	0.13252705
155	0	False	0.093425125
156	0	False	0.09217291
157	0	False	0.09217291
158	0	False	0.09251251
159	0	False	0.091501884
160	0	False	0.09301733
161	0	False	0.092840895
162	0	False	0.11051004
163	0	False	0.09207923
164	0	False	0.087321825
165	0	False	0.102158345
166	0	False	0.09453422
167	0	False	0.08937978
168	0	False	0.08937978
169	0	False	0.09461075
170	0	False	0.10836794
171	0	False	0.14200369
172	1	True	0.39532286
173	0	False	0.29002002
174	0	False	0.29002002
175	0	False	0.19195971
176	0	False	0.16967975
177	0	False	0.17507838
178	0	False	0.19018804
179	0	False	0.09465784
180	0	False	0.087158814
181	0	False	0.0863625
182	0	False	0.10086558
183	0	False	0.087158814
184	1	True	0.48525178
185	0	True	0.41592887
186	0	True	0.41592887
187	0	True	0.5592327
188	0	False	0.13347831
189	0	False	0.098546706
190	0	False	0.09892558
191	0	False	0.10260316
192	0	False	0.09367705
193	0	False	0.09718056
194	0	False	0.10027882
195	0	False	0.13300452
196	0	False	0.10624344
197	0	False	0.09367705
198	0	False	0.09367705
199	0	False	0.09367705
200	0	False	0.094777636
201	0	False	0.14942898
202	0	False	0.13603753
203	0	False	0.11750349
204	0	False	0.13656455
205	0	False	0.1320469
206	0	False	0.12327302
207	0	False	0.11838143
208	0	False	0.19852525
209	0	False	0.17829789
210	0	False	0.16090338
211	0	False	0.14324333
212	0	False	0.13091424
213	0	False	0.123572215
214	0	False	0.14199232
215	0	False	0.10503896
216	0	False	0.16780978
217	0	False	0.094777636
218	0	False	0.09718056
219	0	False	0.11704446
220	0	False	0.11990846
221	0	False	0.09830596
222	0	False	0.094766125
225	0	False	0.101583466
226	0	False	0.09490415
227	0	False	0.101123706
228	0	False	0.101123706
229	0	False	0.14403623
230	0	False	0.14403623
231	0	False	0.13891149
232	0	False	0.1090598
233	0	False	0.11053869
234	0	False	0.10522751
235	0	False	0.107530475
236	0	False	0.10206449
237	0	False	0.12806526
238	1	False	0.13518892
239	0	False	0.26169297
240	0	False	0.23564062
241	0	False	0.24267048
242	0	False	0.19022335
243	0	False	0.17825039
244	0	False	0.14613008
245	0	True	0.33119056
246	0	False	0.14051527
247	0	False	0.11832022
248	0	False	0.1193724
249	0	False	0.1628466
250	0	False	0.12783106
251	0	False	0.12380762
252	0	False	0.13958454
253	0	False	0.1242703
254	0	False	0.17517903
255	0	False	0.1266817
257	0	False	0.14050955
258	0	False	0.12817042
259	0	False	0.11949314
260	0	False	0.10691091
261	0	False	0.109711364
262	0	False	0.10558611
263	0	False	0.12751251
264	0	False	0.10452379
265	0	False	0.10353504
266	0	False	0.10817256
267	0	False	0.10663264
268	0	False	0.104417846
269	0	False	0.13043043
270	0	False	0.11341379
271	0	False	0.10517791
272	0	False	0.13676205
274	0	False	0.099344194
275	0	False	0.101881556
276	0	False	0.09704522
277	0	False	0.09168099
278	0	False	0.08835633
281	0	False	0.091792755
282	0	False	0.08569579
283	0	False	0.0913728
284	0	False	0.0913728
285	0	False	0.13074937
286	0	False	0.13074937
287	0	False	0.12602775
288	0	False	0.09862762
289	0	False	0.0999809
290	0	False	0.09930842
291	0	False	0.09722862
292	0	False	0.09223218
293	0	False	0.12103533
294	0	False	0.12782529
295	0	False	0.24997729
296	1	False	0.22136007
297	0	False	0.22450851
298	0	False	0.17662023
299	0	False	0.16899957
300	0	False	0.13826576
301	0	True	0.3091076
302	0	False	0.13146049
303	0	False	0.107108735
304	0	False	0.10807341
305	0	False	0.15424515
306	0	False	0.11873117
307	0	False	0.114956416
308	0	False	0.12664758
309	0	False	0.112567
310	0	False	0.15955487
311	0	False	0.1176526
313	0	False	0.12749955
314	0	False	0.121135525
315	0	False	0.11287286
316	0	False	0.09666198
317	0	False	0.09922379
318	0	False	0.09545063
319	0	False	0.11554416
320	0	False	0.094479516
321	0	False	0.095974386
322	0	False	0.10031111
323	0	False	0.09640751
324	0	False	0.09438267
325	0	False	0.11822531
326	0	False	0.10261306
327	0	False	0.095077425
328	0	False	0.12932554
330	0	False	0.08974775
331	0	False	0.0944289
332	0	False	0.09049668
333	0	False	0.10902375
334	0	False	0.103787184
335	0	False	0.098703355
336	0	False	0.10514295
337	0	False	0.098639704
338	0	False	0.10597799
339	0	False	0.10210364
340	0	False	0.16389512
341	0	False	0.22191925
342	0	True	0.6016902
343	0	True	0.49049807
344	1	True	0.61791486
345	1	True	0.5477876
346	1	True	0.82511544
347	0	True	0.3279368
348	0	True	0.38271976
349	0	True	0.35159123
350	0	False	0.2711091
351	0	False	0.26888177
352	0	False	0.2975076
353	0	False	0.25078475
354	0	True	0.3732501
355	0	False	0.26670745
357	0	False	0.20337942
358	0	False	0.17684656
359	0	False	0.17118174
360	0	False	0.14256503
361	0	False	0.18190028
362	0	False	0.12862708
363	0	False	0.15592654
364	0	False	0.13156117
365	0	False	0.18275477
366	0	False	0.18599997
367	0	False	0.19896732
368	0	False	0.1919155
369	0	False	0.15838438
370	0	False	0.20500913
371	0	False	0.24170512
372	0	False	0.20356205
374	0	False	0.12549745
375	0	False	0.13411623
376	0	False	0.16440383
378	0	True	0.35045016
379	0	False	0.24413459
380	0	False	0.23726644
381	0	False	0.2883473
382	0	False	0.23600107
383	0	False	0.26095298
384	0	True	0.31894732
385	0	True	0.5217508
386	0	True	0.55627453
387	1	True	0.54751146
388	1	True	0.53289133
389	1	True	0.813095
390	1	True	0.5241459
391	0	True	0.51161087
392	0	True	0.8388583
393	1	True	0.53463745
394	1	True	0.5765042
395	0	True	0.32553214
396	0	True	0.3047489
397	0	False	0.2657173
398	0	False	0.21473137
399	0	False	0.16742937
400	0	False	0.13968886
401	0	False	0.14599355
402	0	False	0.11642091
403	0	False	0.12945849
404	0	False	0.11244434
405	0	False	0.12173222
406	0	False	0.11871859
407	0	False	0.11244434
408	0	False	0.11814315
409	0	False	0.12173222
410	0	False	0.12495236
411	0	False	0.13483973
412	0	False	0.11745871
413	0	False	0.1739887
414	0	False	0.13279867
415	0	False	0.12495236
416	0	False	0.1416905
417	0	False	0.12758736
418	0	False	0.1262811
419	0	False	0.11871859
420	1	True	0.729278
421	1	True	0.36106008
422	0	True	0.39820737
423	0	True	0.3965523
424	0	False	0.30113047
425	0	False	0.14203314
426	0	False	0.101187214
428	0	False	0.09410391
429	0	False	0.09410391
430	0	False	0.0954113
431	0	False	0.09008496
432	0	False	0.13155538
433	0	False	0.09605308
434	0	False	0.22206898
435	0	True	0.53135407
436	0	True	0.42259842
437	0	True	0.38083187
438	1	False	0.2382753
439	0	False	0.25013635
440	0	False	0.17944057
441	0	False	0.15872978
442	0	False	0.15872978
443	0	False	0.15712345
444	0	False	0.17834347
445	0	False	0.16680036
446	0	False	0.15385425
447	0	False	0.10959707
448	0	False	0.10137479
449	0	False	0.123301074
450	0	False	0.11916162
451	0	False	0.11840356
452	0	False	0.13408987
453	0	False	0.11607515
454	0	False	0.09055922
455	0	False	0.084537216
456	0	False	0.11558156
457	0	False	0.10290895
458	0	False	0.17188603
459	0	False	0.26070237
460	0	False	0.22464044
461	0	False	0.17838679
462	0	False	0.1786747
463	1	True	0.47397506
464	0	False	0.2744896
465	0	False	0.23842143
466	0	False	0.23314802
467	0	False	0.20661622
468	0	False	0.2603395
469	0	False	0.1794053
470	0	False	0.14392628
471	0	False	0.14941974
472	0	False	0.14327596
473	0	False	0.15053406
474	0	False	0.14563222
475	0	False	0.10732111
476	0	False	0.13663298
477	0	False	0.10889957
478	0	False	0.09308799
479	0	False	0.11026981
480	0	False	0.11026981
481	0	False	0.08983354
482	0	False	0.10677438
483	0	False	0.10935894
484	0	False	0.2653927
485	0	False	0.2507254
487	1	True	0.4676029
488	0	False	0.26174018
489	0	False	0.26120016
490	0	False	0.18221295
491	0	False	0.21149318
492	0	False	0.16912338
493	0	False	0.13636518
494	0	False	0.12278113
495	0	False	0.12269678
496	0	False	0.11568135
497	0	False	0.13259019
498	0	False	0.106306076
499	0	False	0.10044365
500	0	False	0.10044365
501	0	False	0.10348306
502	0	False	0.0940416
503	0	False	0.08740984
504	0	False	0.13313057
505	0	False	0.089945525
506	0	False	0.108879454
507	0	False	0.10440867
508	0	False	0.09174536
509	0	False	0.09390837
510	0	False	0.098852694
511	0	False	0.09966423
512	0	False	0.13738799
513	0	False	0.0960807
514	0	False	0.12566832
515	0	False	0.11504891
516	0	False	0.11082013
517	0	False	0.10831416
518	0	False	0.10831416
519	0	False	0.1268439
520	0	False	0.14550078
521	0	False	0.1675683
522	0	False	0.1240198
523	0	False	0.13636547
524	0	False	0.11816627
525	0	False	0.18303485
526	0	False	0.1506854
527	0	False	0.22081003
528	0	True	0.31842458
529	0	False	0.26539755
530	1	True	0.43157697
531	0	True	0.31218627
532	1	False	0.2882126
533	0	False	0.1969095
534	0	False	0.121414915
535	0	False	0.11109602
536	0	False	0.10019235
537	0	False	0.11290361
538	0	False	0.10594743
539	0	False	0.10974248
540	0	False	0.16543998
541	0	False	0.09174536
542	0	False	0.09174536
543	0	False	0.14727928
544	0	False	0.13315548
545	0	False	0.12044868
546	0	False	0.086983114
547	0	False	0.08904484
548	0	False	0.08794866
549	0	False	0.144867
550	0	False	0.15009302
551	0	False	0.1504501
552	0	True	0.31531522
553	1	False	0.2972812
556	0	False	0.2989301
557	0	False	0.2914526
558	0	False	0.2851095
559	0	False	0.25809383
560	0	False	0.24842969
561	0	False	0.17370273
562	0	False	0.16516262
563	0	False	0.14201522
564	0	False	0.1349045
565	0	False	0.15381838
566	0	False	0.1435352
567	0	False	0.111852616
568	0	False	0.111852616
569	0	False	0.09768118
570	0	False	0.21585742
571	0	False	0.23504412
572	0	True	0.33885562
573	0	False	0.12831265
574	0	False	0.16004558
575	0	False	0.21917129
576	0	False	0.16941056
577	0	False	0.1604118
578	0	False	0.28500274
579	0	False	0.21513818
580	0	False	0.12584029
581	0	False	0.123847365
582	0	False	0.17055051
583	0	True	0.31371593
584	0	False	0.2844097
585	0	True	0.49520293
586	1	True	0.36672446
587	0	False	0.2897845
588	0	False	0.21128522
589	0	False	0.14469765
590	0	False	0.15218113
591	0	False	0.14123854
592	0	False	0.14514288
593	0	False	0.1353647
594	0	False	0.13638662
595	0	False	0.13638662
596	0	False	0.13638662
597	0	False	0.13638662
598	0	False	0.13944538
599	0	False	0.16241875
600	0	False	0.10614574
601	0	False	0.17904882
602	0	False	0.13124193
603	0	False	0.11431908
604	0	False	0.1695305
605	0	False	0.13318516
606	0	False	0.15367025
607	0	False	0.27862117
608	0	True	0.35297158
609	0	True	0.3658524
610	1	True	0.61517304
611	1	True	0.36350924
612	0	True	0.37496966
614	0	False	0.12572964
615	0	False	0.14721109
616	0	False	0.14641185
617	0	False	0.1822788
618	0	False	0.15377769
619	0	False	0.12573509
620	0	False	0.21155575
621	0	True	0.4091202
622	0	True	0.31922463
623	1	True	0.3319028
624	0	True	0.33153218
625	0	True	0.33153218
626	0	False	0.25823385
627	0	False	0.28315687
628	0	False	0.19734637
629	0	False	0.18261646
630	0	False	0.19347464
631	0	False	0.18043673
632	1	True	0.5197772
633	0	False	0.101865254
635	0	False	0.12160618
636	0	False	0.14673254
637	0	True	0.3628564
638	1	True	0.33795998
639	0	False	0.14990392
640	1	False	0.20016928
641	0	False	0.1596949
642	0	False	0.22832568
643	0	False	0.1419336
644	0	False	0.13994598
645	0	False	0.15543234
646	0	False	0.202104
647	0	False	0.09525722
648	0	False	0.11643835
649	0	False	0.10839182
650	0	False	0.14100729
651	0	False	0.16978328
652	0	False	0.14729387
653	0	False	0.2098863
654	0	False	0.17829709
655	0	False	0.1846428
656	0	False	0.12842563
657	0	True	0.4615777
658	1	True	0.3099745
659	1	False	0.28185973
660	1	True	0.33388516
661	0	False	0.28481862
662	1	False	0.19749513
663	0	False	0.12890795
664	0	False	0.148577
665	0	False	0.093666464
666	0	False	0.13199182
667	0	False	0.15650778
668	0	False	0.13985412
669	0	True	0.5682166
670	0	True	0.53287494
671	1	True	0.8104112
672	1	True	0.839863
673	1	True	0.8400349
674	0	True	0.5349024
675	0	True	0.52549446
676	0	True	0.45502287
677	0	False	0.18414973
678	0	False	0.20031163
679	0	False	0.14909808
680	0	False	0.15777496
681	0	False	0.1352009
682	0	False	0.11468022
683	0	False	0.1425551
684	0	False	0.0993648
685	0	False	0.112590976
686	0	False	0.19516426
687	0	False	0.1528873
688	0	False	0.1601439
689	0	False	0.1233783
690	0	False	0.15819673
691	0	False	0.13920361
692	0	False	0.19380207
693	0	False	0.17767148
694	0	False	0.17585847
695	0	False	0.15641636
696	0	False	0.17886885
698	0	True	0.4632141
699	0	True	0.41325852
700	0	True	0.54930246
701	0	False	0.23787463
702	0	False	0.2516036
703	0	False	0.18046023
704	0	True	0.45333007
705	1	True	0.47465843
706	1	True	0.7169881
707	0	True	0.39750284
708	0	False	0.30287105
709	0	False	0.1769191
710	0	False	0.1822769
711	0	False	0.12332518
712	0	False	0.1495703
713	0	False	0.14447844
714	0	False	0.12223801
715	0	False	0.127677
716	0	False	0.127677
717	0	False	0.16131513
718	0	False	0.16929287
719	0	False	0.17178406
720	0	False	0.13253741
721	0	False	0.19978857
722	0	False	0.1432294
723	0	False	0.25585005
724	0	False	0.21384402
725	0	False	0.15594807
726	0	False	0.17129453
727	0	True	0.3484491
728	0	True	0.6454951
730	0	True	0.76691556
731	0	True	0.7220298
732	0	True	0.8113033
733	0	True	0.5212083
734	0	True	0.53675216
735	0	True	0.5222667
736	0	True	0.61206007
737	0	True	0.32885227
738	0	True	0.33910617
739	0	False	0.20334044
740	0	False	0.21327397
741	0	False	0.2970772
742	0	True	0.41720656
743	1	True	0.39561567
744	0	True	0.39019153
745	0	True	0.30828607
746	0	True	0.3713998
747	0	True	0.3286236
748	0	False	0.26190457
749	0	False	0.21152066
750	0	False	0.17149247
751	0	False	0.16344294
752	0	False	0.1680951
753	0	False	0.16005222
754	0	False	0.14723632
755	0	False	0.1601045
756	0	False	0.21674176
757	0	False	0.14455952
758	0	False	0.12049189
759	0	False	0.13300745
760	0	False	0.25585112
761	0	False	0.15792231
762	0	False	0.14002974
763	0	False	0.18087047
764	0	False	0.13727419
765	0	False	0.14073579
766	0	False	0.20511982
767	0	False	0.127677
768	0	False	0.1196329
769	0	False	0.127677
770	0	False	0.13253741
771	0	False	0.127677
772	0	False	0.21726346
773	0	False	0.21116063
775	1	False	0.23540917
776	1	False	0.2884216
778	0	False	0.17538467
779	0	False	0.14170596
780	0	False	0.1764716
781	0	True	0.50416
782	0	True	0.48920736
783	0	False	0.14633702
784	0	False	0.22919363
785	0	False	0.22696391
786	0	False	0.21953113
787	0	False	0.26533735
788	0	False	0.26098126
789	0	True	0.35699242
790	0	True	0.41827428
791	1	True	0.35701934
793	0	True	0.49249613
794	0	False	0.21778378
796	0	False	0.104799226
797	0	False	0.14696525
798	0	True	0.41754237
799	0	True	0.31409878
800	1	True	0.39686242
801	0	False	0.250183
802	0	False	0.28119475
803	0	False	0.23944692
805	0	False	0.15041463
806	0	False	0.14732589
807	0	False	0.14793476
808	0	False	0.14362763
809	0	False	0.19653802
810	0	False	0.1454369
811	0	False	0.13405082
812	0	False	0.14464378
813	0	False	0.13127132
814	0	False	0.1434719
815	0	False	0.21527414
816	0	False	0.13855563
817	0	False	0.12186863
818	0	False	0.1749615
819	0	False	0.124728285
820	0	False	0.13240719
821	0	False	0.11096772
822	0	False	0.11608264
823	0	False	0.10574537
824	0	False	0.10260405
825	0	False	0.095004976
826	0	False	0.09147564
828	0	False	0.10301699
829	0	False	0.14638224
830	0	False	0.116306275
831	0	False	0.14928669
832	0	False	0.13349427
833	0	False	0.14820439
834	0	False	0.15611991
836	0	False	0.16095012
837	0	False	0.2935637
838	0	False	0.17404608
839	0	True	0.31707963
840	0	True	0.5044539
841	0	True	0.44984844
842	0	True	0.3522881
843	0	True	0.45020324
844	0	True	0.467772
845	1	True	0.5853811
846	1	True	0.8244081
847	1	True	0.57826054
848	1	True	0.54973876
849	1	True	0.5904497
850	1	True	0.6023931
851	0	True	0.3743076
852	0	False	0.17416386
853	0	False	0.14838614
854	0	False	0.14021394
855	0	False	0.12921466
856	0	False	0.12863119
858	0	False	0.11142794
859	0	False	0.10503275
860	0	False	0.10503275
861	0	False	0.10503275
862	0	False	0.10872602
863	0	False	0.10301699
864	0	False	0.121557005
865	0	False	0.09218526
866	0	False	0.08767572
867	0	False	0.10909774
868	0	False	0.0906591
869	0	False	0.10360029
870	0	False	0.09609062
871	0	False	0.13677895
872	0	False	0.09065937
873	0	False	0.093470484
874	0	False	0.11019304
875	0	False	0.097409256
876	0	False	0.09032978
877	0	False	0.09824239
878	0	False	0.09032978
879	0	False	0.09032978
880	0	False	0.09858704
881	0	False	0.111191146
882	0	False	0.09524217
883	0	False	0.1449081
884	0	False	0.1351377
885	0	False	0.10060177
886	0	False	0.11592711
887	0	False	0.11788975
888	1	False	0.30097592
889	0	True	0.31925067
890	0	False	0.25110337
891	0	False	0.1287746
892	0	False	0.17473592
893	0	False	0.13813648
894	0	False	0.15055212
895	0	False	0.120907485
896	0	False	0.10336009
897	0	False	0.09981389
898	0	False	0.10352071
900	0	False	0.10295461
901	0	False	0.12085778
902	0	False	0.096080266
903	0	False	0.10720423
904	0	False	0.09663016
905	0	False	0.10667333
906	0	False	0.09097731
907	0	False	0.122622855
908	0	False	0.118299074
909	0	False	0.131923
910	0	False	0.09065937
911	0	False	0.09065937
912	0	False	0.10377417
913	0	False	0.08767572
914	0	False	0.09097731
915	0	False	0.0949327
916	0	False	0.09124163
917	0	False	0.10005929
