	Significant	y_pred	y_prob
0	0	False	0.15092914
1	0	False	0.196828
2	0	True	0.33070692
3	0	False	0.17795777
4	0	False	0.16638735
5	0	True	0.33415347
6	0	False	0.30811772
7	1	True	0.48102954
8	1	True	0.5596117
9	1	True	0.3411414
10	0	True	0.41954342
11	0	False	0.27541754
12	0	False	0.25715986
13	1	True	0.43105438
14	1	True	0.36011976
15	1	True	0.3231613
16	1	False	0.27711543
17	0	False	0.10767102
18	0	False	0.12744047
19	0	False	0.13604787
20	0	False	0.11021122
21	0	False	0.12267114
22	0	False	0.16371387
23	0	False	0.08254844
24	0	False	0.116011634
25	0	False	0.09048889
26	0	False	0.07919165
27	0	False	0.07551956
28	0	False	0.07718704
29	0	False	0.15184073
30	0	False	0.21282102
31	0	True	0.36502606
32	0	False	0.19793583
33	0	False	0.18323731
34	0	True	0.43186057
35	0	True	0.42625952
36	0	False	0.27401492
37	0	True	0.35497773
38	0	False	0.22402085
39	0	False	0.26699045
40	0	False	0.20277706
41	0	False	0.23616558
42	1	False	0.30242842
43	0	False	0.26769242
44	1	True	0.33603206
45	1	False	0.3163109
46	0	False	0.085310206
47	0	False	0.12338338
48	0	False	0.17933486
49	0	False	0.08186103
50	0	False	0.082616955
51	0	False	0.23311019
52	0	False	0.0576701
53	0	False	0.09322066
54	0	False	0.06571685
55	0	False	0.06868307
56	0	False	0.05156035
57	0	False	0.050031845
58	0	False	0.034562908
59	0	False	0.033297103
60	0	False	0.050299507
61	0	False	0.029979752
62	0	False	0.029103367
63	0	False	0.03199152
64	0	False	0.03150859
65	0	False	0.037749358
66	0	False	0.04458796
67	0	False	0.039597817
68	0	False	0.037547838
69	0	False	0.035464663
70	0	False	0.041220836
71	0	False	0.05964915
72	0	False	0.045291666
73	0	False	0.049629703
74	0	False	0.0431443
75	0	False	0.049290076
76	0	False	0.0514601
77	0	False	0.11666916
78	0	False	0.057890855
79	0	False	0.06794586
80	0	False	0.24633704
81	1	False	0.28436196
82	1	False	0.2418384
83	0	False	0.048751757
84	0	False	0.0585998
85	0	False	0.04778687
86	0	False	0.035799857
87	0	False	0.040273555
88	0	False	0.03470606
89	0	False	0.03710718
90	0	False	0.05383083
91	0	False	0.027719423
92	0	False	0.042189877
93	0	False	0.027273055
94	0	False	0.03186196
95	0	False	0.03186196
96	0	False	0.028503435
97	0	False	0.06156515
98	0	False	0.07466467
99	0	False	0.095051184
100	0	False	0.07281641
101	0	False	0.07179346
102	0	False	0.08601762
103	0	False	0.07147013
104	0	False	0.068751745
105	0	False	0.08706095
106	0	False	0.072762914
107	0	False	0.18713123
108	0	False	0.08067975
109	0	False	0.089355394
110	0	False	0.11840821
111	0	False	0.09261142
112	0	False	0.08993414
113	0	False	0.08433559
114	0	False	0.18694681
115	1	True	0.42730337
116	0	True	0.862396
117	0	False	0.25737375
118	0	False	0.26709005
119	0	False	0.1707458
120	0	False	0.17467265
121	0	False	0.19530918
122	0	False	0.066286415
123	0	False	0.09605552
124	0	False	0.061157677
125	0	False	0.04824133
126	0	False	0.0909029
127	0	False	0.032841843
128	0	False	0.056118272
129	0	False	0.056277003
130	0	False	0.035977103
131	0	False	0.028913327
132	0	False	0.039411586
133	0	False	0.025064077
134	0	False	0.026559148
135	0	False	0.04892939
136	0	False	0.029715022
137	0	False	0.04140555
138	0	False	0.037133846
139	0	False	0.03938835
140	0	False	0.05197899
141	0	False	0.033328496
142	0	False	0.050870113
143	0	False	0.032898996
144	1	False	0.110119276
145	1	True	0.31836393
146	0	False	0.14257686
147	0	False	0.08258938
148	0	False	0.057851907
149	0	False	0.05521155
150	0	False	0.05209598
151	0	False	0.032665562
152	0	False	0.0368151
153	0	False	0.028529683
154	0	False	0.055786256
155	0	False	0.030020803
156	0	False	0.030090045
157	0	False	0.030090045
158	0	False	0.02541148
159	0	False	0.027937865
160	0	False	0.024429953
161	0	False	0.026160793
162	0	False	0.029631978
163	0	False	0.041961603
164	0	False	0.029986775
165	0	False	0.03804711
166	0	False	0.030430397
167	0	False	0.036701668
168	0	False	0.035199404
169	0	False	0.03624837
170	0	False	0.04628048
171	0	False	0.06576872
172	1	True	0.31807885
173	0	True	0.35748887
174	0	True	0.35202968
175	0	False	0.091411404
176	0	False	0.1014115
177	0	False	0.09467267
178	0	False	0.09759972
179	0	False	0.023846265
180	0	False	0.02410128
181	0	False	0.021803992
182	0	False	0.03941963
183	0	False	0.019993275
184	1	True	0.4202563
185	0	True	0.37919933
186	0	True	0.37919933
187	0	True	0.58972853
188	0	False	0.04664317
189	0	False	0.03630853
190	0	False	0.04576537
191	0	False	0.04674175
192	0	False	0.044957392
193	0	False	0.03806167
194	0	False	0.033231318
195	0	False	0.09938996
196	0	False	0.05017799
197	0	False	0.039476957
198	0	False	0.041839983
199	0	False	0.04049998
200	0	False	0.041383374
201	0	False	0.049101748
202	0	False	0.08393734
203	0	False	0.047679037
204	0	False	0.06420029
205	0	False	0.06101973
206	0	False	0.043212898
207	0	False	0.03891766
208	0	False	0.14047867
209	0	False	0.117206484
210	0	False	0.080446824
211	0	False	0.0628077
212	0	False	0.067210436
213	0	False	0.06479642
214	0	False	0.06631378
215	0	False	0.04656765
216	0	False	0.081532575
217	0	False	0.043938786
218	0	False	0.03966149
219	0	False	0.05988725
220	0	False	0.0750678
221	0	False	0.054851916
222	0	False	0.053982303
225	0	False	0.04517962
226	0	False	0.05083189
227	0	False	0.054558247
228	0	False	0.052157722
229	0	False	0.07760214
230	0	False	0.076316655
231	0	False	0.07409149
232	0	False	0.0564535
233	0	False	0.07038841
234	0	False	0.06458774
235	0	False	0.07636425
236	0	False	0.06548423
237	0	False	0.06812696
238	1	False	0.0627737
239	0	True	0.34675783
240	0	False	0.25108302
241	0	False	0.14444333
242	0	False	0.10881969
243	0	False	0.11411921
244	0	False	0.11024188
245	0	True	0.3370703
246	0	False	0.07732927
247	0	False	0.06384136
248	0	False	0.07288131
249	0	False	0.12776147
250	0	False	0.069805436
251	0	False	0.070333496
252	0	False	0.083273664
253	0	False	0.0659273
254	0	False	0.1094155
255	0	False	0.059871115
257	0	False	0.08339245
258	0	False	0.085588865
259	0	False	0.08341096
260	0	False	0.06556315
261	0	False	0.07597941
262	0	False	0.049775094
263	0	False	0.067505725
264	0	False	0.066771016
265	0	False	0.06556242
266	0	False	0.076682806
267	0	False	0.052553467
268	0	False	0.060787607
269	0	False	0.086774625
270	0	False	0.052218005
271	0	False	0.05332088
272	0	False	0.055963613
274	0	False	0.0437461
275	0	False	0.047654435
276	0	False	0.05575202
277	0	False	0.034582365
278	0	False	0.037744172
281	0	False	0.029198296
282	0	False	0.03273535
283	0	False	0.034058046
284	0	False	0.03252848
285	0	False	0.046424128
286	0	False	0.04511034
287	0	False	0.04822702
288	0	False	0.03385861
289	0	False	0.043715194
290	0	False	0.04330828
291	0	False	0.04687619
292	0	False	0.04135884
293	0	False	0.05027027
294	0	False	0.043575242
295	0	False	0.3158252
296	1	False	0.17879379
297	0	False	0.11397969
298	0	False	0.08681573
299	0	False	0.078875065
300	0	False	0.07692255
301	0	False	0.28638494
302	0	False	0.054624263
303	0	False	0.044828173
304	0	False	0.04655026
305	0	False	0.09077739
306	0	False	0.047094405
307	0	False	0.047422275
308	0	False	0.057071704
309	0	False	0.047134757
310	0	False	0.07457149
311	0	False	0.03637272
313	0	False	0.054474372
314	0	False	0.058404222
315	0	False	0.053484056
316	0	False	0.044319652
317	0	False	0.04739642
318	0	False	0.03353848
319	0	False	0.042602524
320	0	False	0.044467647
321	0	False	0.04321139
322	0	False	0.04813383
323	0	False	0.034434177
324	0	False	0.040055398
325	0	False	0.055077795
326	0	False	0.033684704
327	0	False	0.032351043
328	0	False	0.03695716
330	0	False	0.027488664
331	0	False	0.031333193
332	0	False	0.034768127
333	0	False	0.046471383
334	0	False	0.0742738
335	0	False	0.06702385
336	0	False	0.07706957
337	0	False	0.07112473
338	0	False	0.07179754
339	0	False	0.0658946
340	0	False	0.12499657
341	0	False	0.24802041
342	0	True	0.5651854
343	0	True	0.4185421
344	1	True	0.7117696
345	1	True	0.60202724
346	1	True	0.9256913
347	0	True	0.40410855
348	0	True	0.51275885
349	0	True	0.44901308
350	0	False	0.24741457
351	0	False	0.24602598
352	0	False	0.3063355
353	0	False	0.24456498
354	0	True	0.3975109
355	0	False	0.27285272
357	0	False	0.20037591
358	0	False	0.14516315
359	0	False	0.1403462
360	0	False	0.11879223
361	0	False	0.16061369
362	0	False	0.093002565
363	0	False	0.11786391
364	0	False	0.10554926
365	0	False	0.13402128
366	0	False	0.15473837
367	0	False	0.1177782
368	0	False	0.1532263
369	0	False	0.15849194
370	0	False	0.18176201
371	0	False	0.19805487
372	0	False	0.1415898
374	0	False	0.07842628
375	0	False	0.07330609
376	0	False	0.13444774
378	0	True	0.37556702
379	0	False	0.23454139
380	0	False	0.23074447
381	0	True	0.31848282
382	0	False	0.14981024
383	0	False	0.23223652
384	0	False	0.28058633
385	0	True	0.47903726
386	0	True	0.70681846
387	1	True	0.65653306
388	1	True	0.5461671
389	1	True	0.8778622
390	1	True	0.5680758
391	0	True	0.48473042
392	0	True	0.86779535
393	1	True	0.6391036
394	1	True	0.59587485
395	0	True	0.32611933
396	0	True	0.35066703
397	0	False	0.25920025
398	0	False	0.17604737
399	0	False	0.10898993
400	0	False	0.067774996
401	0	False	0.095073566
402	0	False	0.07699711
403	0	False	0.057661112
404	0	False	0.07598872
405	0	False	0.057202935
406	0	False	0.058902226
407	0	False	0.06483071
408	0	False	0.061980724
409	0	False	0.059158772
410	0	False	0.05988514
411	0	False	0.074490786
412	0	False	0.068205714
413	0	False	0.17051537
414	0	False	0.067079455
415	0	False	0.08788198
416	0	False	0.11587881
417	0	False	0.06718962
418	0	False	0.0650548
419	0	False	0.05624786
420	1	True	0.8012521
421	1	True	0.41883433
422	0	True	0.35946468
423	0	False	0.30488005
424	0	False	0.17441492
425	0	False	0.0538526
426	0	False	0.051456634
428	0	False	0.038226902
429	0	False	0.041672092
430	0	False	0.02553911
431	0	False	0.029240802
432	0	False	0.06423744
433	0	False	0.044652995
434	0	False	0.09064951
435	0	True	0.3859591
436	0	False	0.24011275
437	0	False	0.2347999
438	1	False	0.17737019
439	0	False	0.1645594
440	0	False	0.09565192
441	0	False	0.071836464
442	0	False	0.06443507
443	0	False	0.074500225
444	0	False	0.07319009
445	0	False	0.07324897
446	0	False	0.065828525
447	0	False	0.036585882
448	0	False	0.034569584
449	0	False	0.03944983
450	0	False	0.038568225
451	0	False	0.04709479
452	0	False	0.06948037
453	0	False	0.049509868
454	0	False	0.026614329
455	0	False	0.031423055
456	0	False	0.05429694
457	0	False	0.05236145
458	0	False	0.07996556
459	0	False	0.15964648
460	0	False	0.09698913
461	0	False	0.12221619
462	0	False	0.1139985
463	1	True	0.5978544
464	0	False	0.24543707
465	0	False	0.1970557
466	0	False	0.1757854
467	0	False	0.13200296
468	0	False	0.16799442
469	0	False	0.08929093
470	0	False	0.070495896
471	0	False	0.06518302
472	0	False	0.064155094
473	0	False	0.056655303
474	0	False	0.05366144
475	0	False	0.040905006
476	0	False	0.06742054
477	0	False	0.047631264
478	0	False	0.029429346
479	0	False	0.044327915
480	0	False	0.041928265
481	0	False	0.033070356
482	0	False	0.049433157
483	0	False	0.041309346
484	0	False	0.18110828
485	0	False	0.13821892
487	1	True	0.58250815
488	0	False	0.21580549
489	0	False	0.20263036
490	0	False	0.115540065
491	0	False	0.18610638
492	0	False	0.09974103
493	0	False	0.06934725
494	0	False	0.053786512
495	0	False	0.03595969
496	0	False	0.038590007
497	0	False	0.058758028
498	0	False	0.04482543
499	0	False	0.038331095
500	0	False	0.040612653
501	0	False	0.035490096
502	0	False	0.034372345
503	0	False	0.021731393
504	0	False	0.09934027
505	0	False	0.048520155
506	0	False	0.035466313
507	0	False	0.03921475
508	0	False	0.036549438
509	0	False	0.049042705
510	0	False	0.0557731
511	0	False	0.039208442
512	0	False	0.056421123
513	0	False	0.044207543
514	0	False	0.067771204
515	0	False	0.054177247
516	0	False	0.051393628
517	0	False	0.049563322
518	0	False	0.042647034
519	0	False	0.052249838
520	0	False	0.07295955
521	0	False	0.11190156
522	0	False	0.060772654
523	0	False	0.06762434
524	0	False	0.04906163
525	0	False	0.09472017
526	0	False	0.079005025
527	0	False	0.089821555
528	0	False	0.18694244
529	0	False	0.1580883
530	1	True	0.44534183
531	0	False	0.2995249
532	1	False	0.31422332
533	0	False	0.09395531
534	0	False	0.06200231
535	0	False	0.046816744
536	0	False	0.050313644
537	0	False	0.0588305
538	0	False	0.04216377
539	0	False	0.06361691
540	0	False	0.12334177
541	0	False	0.05091297
542	0	False	0.04673802
543	0	False	0.07023537
544	0	False	0.057530753
545	0	False	0.0475146
546	0	False	0.04108349
547	0	False	0.048512466
548	0	False	0.047482833
549	0	False	0.055072956
550	0	False	0.061828494
551	0	False	0.06826254
552	0	False	0.23402601
553	1	False	0.20056912
556	0	False	0.21791825
557	0	False	0.16802531
558	0	False	0.159183
559	0	False	0.1629314
560	0	False	0.18106692
561	0	False	0.11415975
562	0	False	0.07929919
563	0	False	0.052142266
564	0	False	0.051174033
565	0	False	0.084821485
566	0	False	0.06820183
567	0	False	0.06846648
568	0	False	0.071763724
569	0	False	0.04954816
570	0	False	0.17605047
571	0	False	0.24425206
572	0	True	0.33391312
573	0	False	0.07693892
574	0	False	0.113093585
575	0	False	0.15885921
576	0	False	0.14349948
577	0	False	0.12582262
578	0	False	0.28791064
579	0	False	0.13946165
580	0	False	0.062217772
581	0	False	0.069055565
582	0	False	0.11012585
583	0	True	0.3357398
584	0	True	0.3268264
585	0	True	0.62004143
586	1	True	0.46644592
587	0	False	0.27344686
588	0	False	0.15131085
589	0	False	0.08089561
590	0	False	0.11731113
591	0	False	0.07216897
592	0	False	0.08642157
593	0	False	0.077449314
594	0	False	0.09683155
595	0	False	0.06941331
596	0	False	0.06599571
597	0	False	0.06727552
598	0	False	0.09779221
599	0	False	0.12421149
600	0	False	0.042805497
601	0	False	0.1897802
602	0	False	0.08998403
603	0	False	0.090745024
604	0	False	0.17905997
605	0	False	0.06878283
606	0	False	0.09279123
607	0	False	0.22037503
608	0	True	0.34191695
609	0	True	0.5060386
610	1	True	0.7470775
611	1	True	0.37808505
612	0	True	0.4677496
614	0	False	0.11412014
615	0	False	0.09115004
616	0	False	0.11839754
617	0	False	0.1944484
618	0	False	0.098963864
619	0	False	0.09667703
620	0	False	0.11080339
621	0	True	0.33421165
622	0	False	0.18560903
623	1	False	0.2818851
624	0	False	0.2967055
625	0	False	0.2967055
626	0	False	0.14466812
627	0	False	0.12923215
628	0	False	0.09604463
629	0	False	0.05536548
630	0	False	0.10623866
631	0	False	0.0549353
632	1	True	0.60268295
633	0	False	0.08154912
635	0	False	0.10694623
636	0	False	0.13925658
637	0	True	0.46924362
638	1	True	0.36251074
639	0	False	0.12087018
640	1	False	0.30999935
641	0	False	0.11895498
642	0	False	0.28717598
643	0	False	0.0991841
644	0	False	0.11953337
645	0	False	0.112160556
646	0	False	0.23831023
647	0	False	0.06532619
648	0	False	0.083636105
649	0	False	0.08979092
650	0	False	0.09852274
651	0	False	0.0982606
652	0	False	0.0982132
653	0	False	0.17624862
654	0	False	0.11271903
655	0	False	0.1281756
656	0	False	0.09213001
657	0	True	0.6132012
658	1	True	0.3433951
659	1	True	0.35709578
660	1	True	0.34332132
661	0	True	0.33418837
662	1	False	0.14845967
663	0	False	0.10381697
664	0	False	0.092200644
665	0	False	0.07360046
666	0	False	0.10792692
667	0	False	0.12788285
668	0	False	0.14115417
669	0	True	0.7259595
670	0	True	0.69572383
671	1	True	0.9287335
672	1	True	0.9443063
673	1	True	0.9379262
674	0	True	0.61270994
675	0	True	0.63016963
676	0	True	0.53592765
677	0	False	0.23869213
678	0	False	0.20652619
679	0	False	0.17377914
680	0	False	0.10805694
681	0	False	0.10419935
682	0	False	0.07293784
683	0	False	0.08262336
684	0	False	0.049498647
685	0	False	0.055317763
686	0	False	0.15699765
687	0	False	0.09827627
688	0	False	0.10225416
689	0	False	0.07210206
690	0	False	0.09567296
691	0	False	0.080830894
692	0	False	0.087997235
693	0	False	0.11987452
694	0	False	0.1417368
695	0	False	0.094347894
696	0	False	0.12296404
698	0	True	0.5774173
699	0	True	0.3450019
700	0	True	0.62097394
701	0	False	0.22962527
702	0	False	0.24863562
703	0	False	0.17190684
704	0	True	0.47823623
705	1	True	0.53449
706	1	True	0.81105345
707	0	True	0.36111408
708	0	False	0.2510945
709	0	False	0.11381085
710	0	False	0.13505888
711	0	False	0.07577819
712	0	False	0.08902448
713	0	False	0.09037295
714	0	False	0.07245457
715	0	False	0.073484644
716	0	False	0.08136314
717	0	False	0.12000266
718	0	False	0.092300154
719	0	False	0.10507335
720	0	False	0.08778045
721	0	False	0.1386812
722	0	False	0.10572133
723	0	False	0.16150974
724	0	False	0.1556161
725	0	False	0.16558677
726	0	False	0.1567913
727	0	False	0.27248445
728	0	True	0.63986945
730	0	True	0.81985515
731	0	True	0.82401
732	0	True	0.85458875
733	0	True	0.59102917
734	0	True	0.53580314
735	0	True	0.53368586
736	0	True	0.637723
737	0	False	0.29789174
738	0	True	0.3933326
739	0	False	0.15500884
740	0	False	0.14402425
741	0	False	0.27370656
742	0	True	0.3240443
743	1	False	0.3152473
744	0	False	0.28962758
745	0	False	0.26734373
746	0	False	0.28158805
747	0	False	0.26765034
748	0	False	0.1697584
749	0	False	0.14803885
750	0	False	0.14270388
751	0	False	0.15946552
752	0	False	0.1500748
753	0	False	0.12564375
754	0	False	0.1373804
755	0	False	0.1103664
756	0	False	0.12612225
757	0	False	0.120709985
758	0	False	0.08953262
759	0	False	0.08149
760	0	False	0.19274251
761	0	False	0.118735336
762	0	False	0.095451556
763	0	False	0.16664708
764	0	False	0.080252945
765	0	False	0.092746556
766	0	False	0.16534969
767	0	False	0.067369916
768	0	False	0.06891428
769	0	False	0.06382117
770	0	False	0.070298366
771	0	False	0.07486735
772	0	False	0.16964543
773	0	False	0.19501498
775	1	False	0.2594717
776	1	False	0.3018079
778	0	False	0.17388089
779	0	False	0.11166356
780	0	False	0.19288407
781	0	True	0.65613145
782	0	True	0.51303005
783	0	False	0.15588455
784	0	False	0.058804244
785	0	False	0.0895403
786	0	False	0.06264116
787	0	False	0.11674084
788	0	False	0.101423904
789	0	False	0.18999462
790	0	False	0.2643853
791	1	False	0.2774121
793	0	True	0.44716457
794	0	False	0.19539405
796	0	False	0.04666928
797	0	False	0.0829712
798	0	True	0.42314392
799	0	False	0.23796214
800	1	True	0.47578892
801	0	False	0.21483353
802	0	False	0.28314322
803	0	False	0.21356262
805	0	False	0.0537744
806	0	False	0.06033874
807	0	False	0.0703863
808	0	False	0.07923528
809	0	False	0.09177071
810	0	False	0.06306475
811	0	False	0.05412192
812	0	False	0.055992715
813	0	False	0.052374654
814	0	False	0.08554438
815	0	False	0.20540832
816	0	False	0.08811107
817	0	False	0.047766574
818	0	False	0.07044478
819	0	False	0.06155937
820	0	False	0.07350277
821	0	False	0.046708703
822	0	False	0.038130466
823	0	False	0.051854655
824	0	False	0.039069716
825	0	False	0.02681628
826	0	False	0.03027497
828	0	False	0.058874946
829	0	False	0.12584354
830	0	False	0.07546978
831	0	False	0.12600139
832	0	False	0.10351163
833	0	False	0.10140245
834	0	False	0.11103455
836	0	False	0.0999483
837	0	False	0.18519092
838	0	False	0.14693819
839	0	False	0.2984046
840	0	True	0.54540604
841	0	True	0.40635625
842	0	False	0.29282135
843	0	True	0.40775815
844	0	True	0.3556278
845	1	True	0.5885257
846	1	True	0.9135532
847	1	True	0.58000505
848	1	True	0.48619753
849	1	True	0.6920854
850	1	True	0.7407748
851	0	True	0.33363974
852	0	False	0.09662932
853	0	False	0.1223572
854	0	False	0.097044006
855	0	False	0.086774155
856	0	False	0.1063764
858	0	False	0.08557519
859	0	False	0.06372481
860	0	False	0.06600455
861	0	False	0.0504273
862	0	False	0.07392522
863	0	False	0.068961106
864	0	False	0.06596776
865	0	False	0.0362902
866	0	False	0.030793289
867	0	False	0.05205909
868	0	False	0.032624323
869	0	False	0.038118787
870	0	False	0.04188967
871	0	False	0.069367185
872	0	False	0.045984782
873	0	False	0.030019639
874	0	False	0.043753713
875	0	False	0.03230123
876	0	False	0.03892241
877	0	False	0.05846178
878	0	False	0.04758557
879	0	False	0.04758557
880	0	False	0.039316207
881	0	False	0.036898635
882	0	False	0.040811975
883	0	False	0.043083113
884	0	False	0.052566208
885	0	False	0.039321803
886	0	False	0.05109122
887	0	False	0.04951728
888	1	False	0.22727814
889	0	False	0.27034584
890	0	False	0.15272821
891	0	False	0.044841968
892	0	False	0.08161774
893	0	False	0.061368495
894	0	False	0.057472583
895	0	False	0.050103977
896	0	False	0.036378145
897	0	False	0.03865851
898	0	False	0.044304043
900	0	False	0.028123414
901	0	False	0.034116033
902	0	False	0.02715391
903	0	False	0.042938393
904	0	False	0.0364522
905	0	False	0.03670449
906	0	False	0.030056732
907	0	False	0.06991748
908	0	False	0.06547443
909	0	False	0.10207916
910	0	False	0.04442378
911	0	False	0.04623172
912	0	False	0.032393925
913	0	False	0.030481
914	0	False	0.029329773
915	0	False	0.03200145
916	0	False	0.029168846
917	0	False	0.033509456
