	precision	recall	threshold
0	0.07191011235955057	1.0	0.01999327540397644
1	0.0719910011248594	1.0	0.021731393411755562
2	0.07207207207207207	1.0	0.021803991869091988
3	0.07215332581736189	1.0	0.02384626492857933
4	0.07223476297968397	1.0	0.02410127967596054
5	0.07231638418079096	1.0	0.02442995272576809
6	0.07239819004524888	1.0	0.025064077228307724
7	0.072480181200453	1.0	0.02541147917509079
8	0.07256235827664399	1.0	0.025539109483361244
9	0.07264472190692395	1.0	0.026160793378949165
10	0.07272727272727272	1.0	0.026559147983789444
11	0.07281001137656427	1.0	0.02661432884633541
12	0.07289293849658314	1.0	0.02681628055870533
13	0.07297605473204105	1.0	0.02715390920639038
14	0.0730593607305936	1.0	0.027273055166006088
15	0.07314285714285715	1.0	0.02748866379261017
16	0.07322654462242563	1.0	0.027719423174858093
17	0.07331042382588775	1.0	0.027937864884734154
18	0.07339449541284404	1.0	0.028123414143919945
19	0.07347876004592423	1.0	0.028503434732556343
20	0.0735632183908046	1.0	0.028529683127999306
21	0.07364787111622555	1.0	0.028913326561450958
22	0.07373271889400922	1.0	0.029103366658091545
23	0.07381776239907728	1.0	0.02916884608566761
24	0.07390300230946882	1.0	0.0291982963681221
25	0.07398843930635839	1.0	0.02924080193042755
26	0.07407407407407407	1.0	0.029329773038625717
27	0.07415990730011587	1.0	0.029429346323013306
28	0.07424593967517401	1.0	0.029631977900862694
29	0.0743321718931475	1.0	0.029715022072196007
30	0.07441860465116279	1.0	0.029979752376675606
31	0.07450523864959255	1.0	0.029986774548888206
32	0.07459207459207459	1.0	0.030019639059901237
33	0.07467911318553092	1.0	0.030020803213119507
34	0.07476635514018691	1.0	0.030056731775403023
35	0.07485380116959064	1.0	0.03009004518389702
36	0.07502930832356389	1.0	0.030274970456957817
37	0.07511737089201878	1.0	0.030430397018790245
38	0.07520564042303172	1.0	0.030480999499559402
39	0.07529411764705882	1.0	0.030793288722634315
40	0.07538280329799764	1.0	0.03133319318294525
41	0.07547169811320754	1.0	0.03142305463552475
42	0.0755608028335301	1.0	0.031508591026067734
43	0.07565011820330969	1.0	0.031861960887908936
44	0.07582938388625593	1.0	0.031991519033908844
45	0.07591933570581258	1.0	0.03200145065784454
46	0.07600950118764846	1.0	0.03230122849345207
47	0.07609988109393578	1.0	0.032351043075323105
48	0.0761904761904762	1.0	0.0323939248919487
49	0.07628128724672228	1.0	0.032528478652238846
50	0.07637231503579953	1.0	0.032624322921037674
51	0.07646356033452807	1.0	0.03266556188464165
52	0.07655502392344497	1.0	0.03273535147309303
53	0.07664670658682635	1.0	0.032841842621564865
54	0.07673860911270983	1.0	0.03289899602532387
55	0.07683073229291716	1.0	0.03307035565376282
56	0.07692307692307693	1.0	0.03323131799697876
57	0.07701564380264742	1.0	0.0332971028983593
58	0.07710843373493977	1.0	0.03332849591970444
59	0.07720144752714113	1.0	0.03350945562124252
60	0.07729468599033816	1.0	0.03353847935795784
61	0.0773881499395405	1.0	0.03368470445275307
62	0.0774818401937046	1.0	0.033858608454465866
63	0.07757575757575758	1.0	0.03405804559588432
64	0.07766990291262135	1.0	0.03411603346467018
65	0.07776427703523693	1.0	0.034372344613075256
66	0.07785888077858881	1.0	0.03443417698144913
67	0.0779537149817296	1.0	0.03456290811300278
68	0.07804878048780488	1.0	0.03456958383321762
69	0.07814407814407814	1.0	0.034582365304231644
70	0.07823960880195599	1.0	0.03470605984330177
71	0.07833537331701346	1.0	0.03476812690496445
72	0.0784313725490196	1.0	0.03519940376281738
73	0.0785276073619632	1.0	0.03546466305851936
74	0.07862407862407862	1.0	0.03546631336212158
75	0.07872078720787208	1.0	0.03549009561538696
76	0.07881773399014778	1.0	0.03579985722899437
77	0.07891491985203453	1.0	0.03595969080924988
78	0.07901234567901234	1.0	0.03597710281610489
79	0.07911001236093942	1.0	0.03624837100505829
80	0.07920792079207921	1.0	0.03629019856452942
81	0.07930607187112763	1.0	0.03630853071808815
82	0.0794044665012407	1.0	0.03637272119522095
83	0.07950310559006211	1.0	0.03637814521789551
84	0.07960199004975124	1.0	0.03645220026373863
85	0.07970112079701121	1.0	0.036549437791109085
86	0.0798004987531172	1.0	0.03658588230609894
87	0.07990012484394507	1.0	0.03670166805386543
88	0.08	1.0	0.03670449182391167
89	0.08010012515644556	1.0	0.0368150994181633
90	0.08020050125313283	1.0	0.03689863532781601
91	0.08030112923462986	1.0	0.036957159638404846
92	0.08040201005025126	1.0	0.037107180804014206
93	0.08050314465408805	1.0	0.037133846431970596
94	0.08060453400503778	1.0	0.03754783794283867
95	0.0807061790668348	1.0	0.03774417191743851
96	0.08080808080808081	1.0	0.037749357521533966
97	0.08091024020227561	1.0	0.03804710879921913
98	0.0810126582278481	1.0	0.03806167095899582
99	0.08111533586818757	1.0	0.03811878710985184
100	0.08121827411167512	1.0	0.038130465894937515
101	0.08132147395171538	1.0	0.0382269024848938
102	0.08142493638676845	1.0	0.03833109512925148
103	0.08152866242038216	1.0	0.038568224757909775
104	0.08163265306122448	1.0	0.03859000653028488
105	0.08173690932311622	1.0	0.0386585108935833
106	0.08184143222506395	1.0	0.0389176607131958
107	0.08194622279129321	1.0	0.03892241045832634
108	0.08205128205128205	1.0	0.03906971588730812
109	0.0821566110397946	1.0	0.039208441972732544
110	0.08226221079691516	1.0	0.03921474888920784
111	0.08236808236808237	1.0	0.03931620717048645
112	0.08247422680412371	1.0	0.03932180255651474
113	0.08258064516129032	1.0	0.039388351142406464
114	0.082687338501292	1.0	0.03941158577799797
115	0.08279430789133248	1.0	0.03941962867975235
116	0.08290155440414508	1.0	0.03944982960820198
117	0.08300907911802853	1.0	0.03947695717215538
118	0.08311688311688312	1.0	0.03959781676530838
119	0.08322496749024708	1.0	0.03966148942708969
120	0.08333333333333333	1.0	0.040055397897958755
121	0.08344198174706649	1.0	0.040273554623126984
122	0.0835509138381201	1.0	0.0404999814927578
123	0.08366013071895424	1.0	0.04061265289783478
124	0.08376963350785341	1.0	0.04081197455525398
125	0.08387942332896461	1.0	0.04090500622987747
126	0.08398950131233596	1.0	0.04108348861336708
127	0.08409986859395532	1.0	0.04122083634138107
128	0.08421052631578947	1.0	0.04130934551358223
129	0.08432147562582346	1.0	0.041358839720487595
130	0.08443271767810026	1.0	0.041383374482393265
131	0.0845442536327609	1.0	0.04140555113554001
132	0.08465608465608465	1.0	0.04167209193110466
133	0.0847682119205298	1.0	0.04183998331427574
134	0.08488063660477453	1.0	0.04188967123627663
135	0.0849933598937583	1.0	0.04192826524376869
136	0.0851063829787234	1.0	0.04196160286664963
137	0.085219707057257	1.0	0.04216377064585686
138	0.08533333333333333	1.0	0.04218987748026848
139	0.08544726301735647	1.0	0.042602524161338806
140	0.0855614973262032	1.0	0.04264703392982483
141	0.0856760374832664	1.0	0.042805496603250504
142	0.08579088471849866	1.0	0.042938392609357834
143	0.08590604026845637	1.0	0.04308311268687248
144	0.08602150537634409	1.0	0.04314430058002472
145	0.08613728129205922	1.0	0.04321138933300972
146	0.0862533692722372	1.0	0.0432128980755806
147	0.08636977058029689	1.0	0.043308280408382416
148	0.08648648648648649	1.0	0.04357524216175079
149	0.08660351826792964	1.0	0.04371519386768341
150	0.08672086720867209	1.0	0.04374609887599945
151	0.08683853459972862	1.0	0.04375371336936951
152	0.08695652173913043	1.0	0.043938785791397095
153	0.08707482993197278	1.0	0.04420754313468933
154	0.08719346049046321	1.0	0.04430404305458069
155	0.08731241473396999	1.0	0.044319652020931244
156	0.08743169398907104	1.0	0.04432791471481323
157	0.08755129958960328	1.0	0.04442378133535385
158	0.08767123287671233	1.0	0.04446764662861824
159	0.0877914951989026	1.0	0.044587958604097366
160	0.08791208791208792	1.0	0.044652994722127914
161	0.08803301237964237	1.0	0.04482543095946312
162	0.0881542699724518	1.0	0.04482817277312279
163	0.08827586206896551	1.0	0.04484196752309799
164	0.08839779005524862	1.0	0.044957391917705536
165	0.08852005532503458	1.0	0.04511034116148949
166	0.0886426592797784	1.0	0.04517962038516998
167	0.08876560332871013	1.0	0.04529166594147682
168	0.08888888888888889	1.0	0.04576537013053894
169	0.0890125173852573	1.0	0.04598478227853775
170	0.08913649025069638	1.0	0.046231720596551895
171	0.08926080892608089	1.0	0.04628048092126846
172	0.0893854748603352	1.0	0.046424128115177155
173	0.08951048951048951	1.0	0.046471383422613144
174	0.0896358543417367	1.0	0.04655025899410248
175	0.08976157082748948	1.0	0.0465676486492157
176	0.0898876404494382	1.0	0.04664317145943642
177	0.090014064697609	1.0	0.04666927829384804
178	0.09014084507042254	1.0	0.04670870304107666
179	0.09026798307475317	1.0	0.046738021075725555
180	0.0903954802259887	1.0	0.046741750091314316
181	0.09052333804809053	1.0	0.04681674391031265
182	0.0906515580736544	1.0	0.04687618836760521
183	0.09078014184397164	1.0	0.04709440469741821
184	0.09090909090909091	1.0	0.047094788402318954
185	0.09103840682788052	1.0	0.04713475704193115
186	0.09116809116809117	1.0	0.04739642143249512
187	0.0912981455064194	1.0	0.04742227494716644
188	0.09142857142857143	1.0	0.04748283326625824
189	0.09155937052932761	1.0	0.047514598816633224
190	0.09169054441260745	1.0	0.04758556932210922
191	0.09195402298850575	1.0	0.047631263732910156
192	0.0920863309352518	1.0	0.04765443503856659
193	0.09221902017291066	1.0	0.04767903685569763
194	0.09235209235209235	1.0	0.04776657372713089
195	0.09248554913294797	1.0	0.04778686910867691
196	0.09261939218523878	1.0	0.04813383147120476
197	0.0927536231884058	1.0	0.04822701960802078
198	0.09288824383164006	1.0	0.048241328448057175
199	0.09302325581395349	1.0	0.04851246625185013
200	0.09315866084425037	1.0	0.048520155251026154
201	0.09329446064139942	1.0	0.04875175654888153
202	0.09343065693430656	1.0	0.04892938956618309
203	0.0935672514619883	1.0	0.049042705446481705
204	0.09370424597364568	1.0	0.04906162992119789
205	0.093841642228739	1.0	0.04910174757242203
206	0.09397944199706314	1.0	0.04929007589817047
207	0.09411764705882353	1.0	0.049433156847953796
208	0.09425625920471281	1.0	0.04949864745140076
209	0.0943952802359882	1.0	0.049509868025779724
210	0.09453471196454949	1.0	0.04951728135347366
211	0.09467455621301775	1.0	0.049548160284757614
212	0.09481481481481481	1.0	0.049563322216272354
213	0.09495548961424333	1.0	0.04962970316410065
214	0.0950965824665676	1.0	0.04977509379386902
215	0.09523809523809523	1.0	0.05003184452652931
216	0.09538002980625931	1.0	0.05010397732257843
217	0.0955223880597015	1.0	0.05017799139022827
218	0.09566517189835576	1.0	0.05027027055621147
219	0.09580838323353294	1.0	0.0502995066344738
220	0.095952023988006	1.0	0.050313644111156464
221	0.0960960960960961	1.0	0.05042729899287224
222	0.0962406015037594	1.0	0.05083189159631729
223	0.0963855421686747	1.0	0.05087011307477951
224	0.09653092006033183	1.0	0.050912968814373016
225	0.09667673716012085	1.0	0.05109122022986412
226	0.09682299546142209	1.0	0.05117403343319893
227	0.09696969696969697	1.0	0.05139362812042236
228	0.09711684370257967	1.0	0.05145663395524025
229	0.0972644376899696	1.0	0.05146009847521782
230	0.0974124809741248	1.0	0.05156034976243973
231	0.0975609756097561	1.0	0.051854655146598816
232	0.09770992366412214	1.0	0.05197899043560028
233	0.09785932721712538	1.0	0.05205909162759781
234	0.09800918836140889	1.0	0.05209597945213318
235	0.09815950920245399	1.0	0.05214226618409157
236	0.09831029185867896	1.0	0.052157722413539886
237	0.09846153846153846	1.0	0.0522180050611496
238	0.09861325115562404	1.0	0.052249837666749954
239	0.09876543209876543	1.0	0.05236145108938217
240	0.09891808346213292	1.0	0.05237465351819992
241	0.09907120743034056	1.0	0.05255346745252609
242	0.09922480620155039	1.0	0.05256620794534683
243	0.09937888198757763	1.0	0.053320880979299545
244	0.09953343701399689	1.0	0.053484056144952774
245	0.09968847352024922	1.0	0.05366143956780434
246	0.0998439937597504	1.0	0.0537744015455246
247	0.1	1.0	0.0537865124642849
248	0.10015649452269171	1.0	0.0538308285176754
249	0.10031347962382445	1.0	0.05385259911417961
250	0.10047095761381476	1.0	0.05398230254650116
251	0.10062893081761007	1.0	0.054121918976306915
252	0.10078740157480315	1.0	0.05417724698781967
253	0.10094637223974763	1.0	0.05429694056510925
254	0.10110584518167456	1.0	0.054474372416734695
255	0.10126582278481013	1.0	0.054558247327804565
256	0.10142630744849446	1.0	0.05462426319718361
257	0.10158730158730159	1.0	0.05485191568732262
258	0.10174880763116058	1.0	0.05493529886007309
259	0.10191082802547771	1.0	0.055072955787181854
260	0.10207336523125997	1.0	0.055077794939279556
261	0.10223642172523961	1.0	0.05521155148744583
262	0.1024	1.0	0.05531776323914528
263	0.10256410256410256	1.0	0.05536548048257828
264	0.10272873194221509	1.0	0.055752020329236984
265	0.10289389067524116	1.0	0.05577310174703598
266	0.10305958132045089	1.0	0.05578625574707985
267	0.1032258064516129	1.0	0.05596361309289932
268	0.10339256865912763	1.0	0.05599271506071091
269	0.10355987055016182	1.0	0.05611827224493027
270	0.10372771474878444	1.0	0.056247860193252563
271	0.1038961038961039	1.0	0.05627700313925743
272	0.1040650406504065	1.0	0.05642112344503403
273	0.10423452768729642	1.0	0.05645349994301796
274	0.10440456769983687	1.0	0.05665530264377594
275	0.10457516339869281	1.0	0.05707170441746712
276	0.10474631751227496	1.0	0.057202935218811035
277	0.10491803278688525	1.0	0.057472582906484604
278	0.10509031198686371	1.0	0.05753075331449509
279	0.10526315789473684	1.0	0.057661112397909164
280	0.10543657331136738	1.0	0.05767010152339935
281	0.10561056105610561	1.0	0.05785190686583519
282	0.10578512396694215	1.0	0.05789085477590561
283	0.10596026490066225	1.0	0.05840422213077545
284	0.10613598673300166	1.0	0.05846178159117699
285	0.10631229235880399	1.0	0.0585997998714447
286	0.1064891846921797	1.0	0.058758027851581573
287	0.10666666666666667	1.0	0.05880424380302429
288	0.10684474123539232	1.0	0.05883049964904785
289	0.10702341137123746	1.0	0.0588749460875988
290	0.10720268006700168	1.0	0.05890222638845444
291	0.10738255033557047	1.0	0.059158772230148315
292	0.10756302521008404	1.0	0.05964915081858635
293	0.10774410774410774	1.0	0.059871114790439606
294	0.10792580101180438	1.0	0.059885140508413315
295	0.10810810810810811	1.0	0.059887249022722244
296	0.10829103214890017	1.0	0.060338739305734634
297	0.10847457627118644	1.0	0.06077265366911888
298	0.10865874363327674	1.0	0.06078760698437691
299	0.10884353741496598	1.0	0.06101972982287407
300	0.10902896081771721	1.0	0.061157677322626114
301	0.10921501706484642	1.0	0.06136849522590637
302	0.1094017094017094	1.0	0.061559371650218964
303	0.1095890410958904	1.0	0.06156514957547188
304	0.1097770154373928	1.0	0.06182849407196045
305	0.10996563573883161	1.0	0.0619807243347168
306	0.11015490533562823	1.0	0.062002308666706085
307	0.1103448275862069	1.0	0.062217772006988525
308	0.11053540587219343	1.0	0.06264115869998932
309	0.11072664359861592	1.0	0.062773697078228
310	0.10918544194107452	0.984375	0.06280770152807236
311	0.109375	0.984375	0.06306474655866623
312	0.10956521739130434	0.984375	0.06361690908670425
313	0.10975609756097561	0.984375	0.0637248083949089
314	0.1099476439790576	0.984375	0.06382116675376892
315	0.11013986013986014	0.984375	0.06384135782718658
316	0.11033274956217162	0.984375	0.06415509432554245
317	0.11052631578947368	0.984375	0.06420028954744339
318	0.11072056239015818	0.984375	0.06423743814229965
319	0.11091549295774648	0.984375	0.06443507224321365
320	0.1111111111111111	0.984375	0.06458774209022522
321	0.11130742049469965	0.984375	0.06479641795158386
322	0.11150442477876106	0.984375	0.0648307129740715
323	0.11170212765957446	0.984375	0.06505479663610458
324	0.11190053285968028	0.984375	0.06518302112817764
325	0.11209964412811388	0.984375	0.06532619148492813
326	0.11229946524064172	0.984375	0.06547442823648453
327	0.1125	0.984375	0.06548423320055008
328	0.11270125223613596	0.984375	0.0655624195933342
329	0.11290322580645161	0.984375	0.0655631497502327
330	0.11310592459605028	0.984375	0.06571684777736664
331	0.11330935251798561	0.984375	0.06576871871948242
332	0.11351351351351352	0.984375	0.06582852452993393
333	0.11371841155234658	0.984375	0.06589459627866745
334	0.11392405063291139	0.984375	0.06592729687690735
335	0.11413043478260869	0.984375	0.06596776098012924
336	0.11433756805807622	0.984375	0.0659957081079483
337	0.11454545454545455	0.984375	0.06600455194711685
338	0.11475409836065574	0.984375	0.06628641486167908
339	0.11496350364963503	0.984375	0.06631378084421158
340	0.11517367458866545	0.984375	0.0667710155248642
341	0.11538461538461539	0.984375	0.0670238509774208
342	0.11559633027522936	0.984375	0.06707945466041565
343	0.11580882352941177	0.984375	0.06718961894512177
344	0.11602209944751381	0.984375	0.06721043586730957
345	0.11623616236162361	0.984375	0.0672755166888237
346	0.11645101663585952	0.984375	0.06736991554498672
347	0.11666666666666667	0.984375	0.06742054224014282
348	0.11688311688311688	0.984375	0.06750572472810745
349	0.1171003717472119	0.984375	0.06762433797121048
350	0.11731843575418995	0.984375	0.06777120381593704
351	0.11753731343283583	0.984375	0.06777499616146088
352	0.11775700934579439	0.984375	0.06794586032629013
353	0.11797752808988764	0.984375	0.06812696158885956
354	0.11819887429643527	0.984375	0.06820183247327805
355	0.11842105263157894	0.984375	0.06820571422576904
356	0.11864406779661017	0.984375	0.06826253980398178
357	0.11886792452830189	0.984375	0.06846647709608078
358	0.11909262759924386	0.984375	0.06868307292461395
359	0.11931818181818182	0.984375	0.0687517449259758
360	0.11954459203036052	0.984375	0.06878282874822617
361	0.11977186311787072	0.984375	0.06891427934169769
362	0.12	0.984375	0.06896110624074936
363	0.12022900763358779	0.984375	0.06905556470155716
364	0.12045889101338432	0.984375	0.06934724748134613
365	0.1206896551724138	0.984375	0.0693671852350235
366	0.12092130518234165	0.984375	0.06941331177949905
367	0.12115384615384615	0.984375	0.06948036700487137
368	0.12138728323699421	0.984375	0.06980543583631516
369	0.12162162162162163	0.984375	0.0699174776673317
370	0.1218568665377176	0.984375	0.07023537158966064
371	0.12209302325581395	0.984375	0.07029836624860764
372	0.12233009708737864	0.984375	0.07033349573612213
373	0.122568093385214	0.984375	0.07038629800081253
374	0.12280701754385964	0.984375	0.07038840651512146
375	0.123046875	0.984375	0.07044477760791779
376	0.1232876712328767	0.984375	0.07049589604139328
377	0.12352941176470589	0.984375	0.07112473249435425
378	0.1237721021611002	0.984375	0.07147012650966644
379	0.12401574803149606	0.984375	0.07176372408866882
380	0.1242603550295858	0.984375	0.07179345935583115
381	0.12450592885375494	0.984375	0.07179754227399826
382	0.12475247524752475	0.984375	0.07183646410703659
383	0.125	0.984375	0.07210206240415573
384	0.12524850894632206	0.984375	0.07216896861791611
385	0.1254980079681275	0.984375	0.07245457172393799
386	0.12574850299401197	0.984375	0.07276291400194168
387	0.126	0.984375	0.0728164091706276
388	0.12625250501002003	0.984375	0.0728813111782074
389	0.12650602409638553	0.984375	0.07293783873319626
390	0.1267605633802817	0.984375	0.0729595497250557
391	0.12701612903225806	0.984375	0.07319009304046631
392	0.12727272727272726	0.984375	0.0732489675283432
393	0.12753036437246965	0.984375	0.07330609112977982
394	0.12778904665314403	0.984375	0.0734846442937851
395	0.12804878048780488	0.984375	0.07350277155637741
396	0.12830957230142567	0.984375	0.07360046356916428
397	0.12857142857142856	0.984375	0.07392521947622299
398	0.12883435582822086	0.984375	0.07409148663282394
399	0.1290983606557377	0.984375	0.07427380234003067
400	0.1293634496919918	0.984375	0.07449078559875488
401	0.12962962962962962	0.984375	0.07450022548437119
402	0.12989690721649486	0.984375	0.07457149028778076
403	0.13016528925619836	0.984375	0.07466466724872589
404	0.13043478260869565	0.984375	0.0748673528432846
405	0.13070539419087138	0.984375	0.07506780326366425
406	0.13097713097713098	0.984375	0.07546977698802948
407	0.13125	0.984375	0.07551956176757812
408	0.1315240083507307	0.984375	0.07577818632125854
409	0.13179916317991633	0.984375	0.07597941160202026
410	0.1320754716981132	0.984375	0.07598871737718582
411	0.1323529411764706	0.984375	0.07631665468215942
412	0.13263157894736843	0.984375	0.07636424899101257
413	0.13291139240506328	0.984375	0.07668280601501465
414	0.1331923890063425	0.984375	0.07692255079746246
415	0.13347457627118645	0.984375	0.0769389197230339
416	0.1337579617834395	0.984375	0.07699710875749588
417	0.13404255319148936	0.984375	0.07706957310438156
418	0.13432835820895522	0.984375	0.07718703895807266
419	0.1346153846153846	0.984375	0.07732927054166794
420	0.1349036402569593	0.984375	0.07744931429624557
421	0.1351931330472103	0.984375	0.07760214060544968
422	0.13548387096774195	0.984375	0.07842627912759781
423	0.13577586206896552	0.984375	0.07887506484985352
424	0.13606911447084233	0.984375	0.07900502532720566
425	0.13636363636363635	0.984375	0.0791916474699974
426	0.13665943600867678	0.984375	0.07923527806997299
427	0.13695652173913042	0.984375	0.0792991891503334
428	0.13725490196078433	0.984375	0.07996556162834167
429	0.13755458515283842	0.984375	0.08025294542312622
430	0.13785557986870897	0.984375	0.08044682443141937
431	0.13815789473684212	0.984375	0.080679751932621
432	0.13846153846153847	0.984375	0.0808308944106102
433	0.13876651982378854	0.984375	0.08089561015367508
434	0.1390728476821192	0.984375	0.08136314153671265
435	0.13938053097345132	0.984375	0.08149000257253647
436	0.13968957871396895	0.984375	0.08153257519006729
437	0.14	0.984375	0.08154912292957306
438	0.1403118040089087	0.984375	0.08161774277687073
439	0.140625	0.984375	0.08186102658510208
440	0.14093959731543623	0.984375	0.08254843950271606
441	0.1412556053811659	0.984375	0.08258938044309616
442	0.14157303370786517	0.984375	0.08261695504188538
443	0.14189189189189189	0.984375	0.08262336254119873
444	0.14221218961625282	0.984375	0.08297120034694672
445	0.1425339366515837	0.984375	0.08327366411685944
446	0.14285714285714285	0.984375	0.08339244872331619
447	0.1431818181818182	0.984375	0.08341096341609955
448	0.14350797266514806	0.984375	0.08363610506057739
449	0.14383561643835616	0.984375	0.08393733948469162
450	0.14416475972540047	0.984375	0.08433558791875839
451	0.1444954128440367	0.984375	0.08482148498296738
452	0.14482758620689656	0.984375	0.0853102058172226
453	0.14516129032258066	0.984375	0.08554437756538391
454	0.14549653579676675	0.984375	0.08557519316673279
455	0.14583333333333334	0.984375	0.08558886498212814
456	0.14617169373549885	0.984375	0.08601762354373932
457	0.14651162790697675	0.984375	0.08642157167196274
458	0.14685314685314685	0.984375	0.08677415549755096
459	0.14719626168224298	0.984375	0.08677462488412857
460	0.14754098360655737	0.984375	0.0868157297372818
461	0.14788732394366197	0.984375	0.08706095069646835
462	0.14823529411764705	0.984375	0.08778045326471329
463	0.14858490566037735	0.984375	0.08788198232650757
464	0.14893617021276595	0.984375	0.08799723535776138
465	0.14928909952606634	0.984375	0.08811107277870178
466	0.1496437054631829	0.984375	0.08902447670698166
467	0.15	0.984375	0.08929093182086945
468	0.15035799522673032	0.984375	0.08935539424419403
469	0.1507177033492823	0.984375	0.08953262120485306
470	0.1510791366906475	0.984375	0.08954030275344849
471	0.15144230769230768	0.984375	0.08979091793298721
472	0.15180722891566265	0.984375	0.08982155472040176
473	0.15217391304347827	0.984375	0.08993414044380188
474	0.15254237288135594	0.984375	0.08998402953147888
475	0.1529126213592233	0.984375	0.0903729498386383
476	0.15328467153284672	0.984375	0.09048888832330704
477	0.15365853658536585	0.984375	0.09064950793981552
478	0.15403422982885084	0.984375	0.09074502438306808
479	0.15441176470588236	0.984375	0.09077738970518112
480	0.1547911547911548	0.984375	0.0909029021859169
481	0.15517241379310345	0.984375	0.09115003794431686
482	0.15555555555555556	0.984375	0.09141140431165695
483	0.15594059405940594	0.984375	0.0917707085609436
484	0.15632754342431762	0.984375	0.09213001281023026
485	0.15671641791044777	0.984375	0.09220064431428909
486	0.1571072319201995	0.984375	0.09230015426874161
487	0.1575	0.984375	0.0926114171743393
488	0.15789473684210525	0.984375	0.0927465558052063
489	0.15829145728643215	0.984375	0.09279122948646545
490	0.15869017632241814	0.984375	0.0930025652050972
491	0.1590909090909091	0.984375	0.09322065860033035
492	0.15949367088607594	0.984375	0.09395530819892883
493	0.1598984771573604	0.984375	0.09434789419174194
494	0.16030534351145037	0.984375	0.09467267245054245
495	0.16071428571428573	0.984375	0.09472016990184784
496	0.16112531969309463	0.984375	0.09505118429660797
497	0.16153846153846155	0.984375	0.09507356584072113
498	0.16195372750642673	0.984375	0.09545155614614487
499	0.16237113402061856	0.984375	0.09565191715955734
500	0.16279069767441862	0.984375	0.09567295759916306
501	0.16321243523316062	0.984375	0.0960446298122406
502	0.16363636363636364	0.984375	0.0960555225610733
503	0.1640625	0.984375	0.0966293215751648
504	0.16449086161879894	0.984375	0.0966770276427269
505	0.1649214659685864	0.984375	0.0968315526843071
506	0.16535433070866143	0.984375	0.09698913246393204
507	0.16578947368421051	0.984375	0.09704400599002838
508	0.1662269129287599	0.984375	0.09759972244501114
509	0.16666666666666666	0.984375	0.09779220819473267
510	0.16710875331564987	0.984375	0.09821320325136185
511	0.1675531914893617	0.984375	0.09826059639453888
512	0.168	0.984375	0.09827627241611481
513	0.16844919786096257	0.984375	0.09852273762226105
514	0.16890080428954424	0.984375	0.09896386414766312
515	0.1693548387096774	0.984375	0.09918410331010818
516	0.16981132075471697	0.984375	0.09934026747941971
517	0.17027027027027028	0.984375	0.09938996285200119
518	0.17073170731707318	0.984375	0.09974102675914764
519	0.17119565217391305	0.984375	0.09994830191135406
520	0.17166212534059946	0.984375	0.10140244662761688
521	0.1721311475409836	0.984375	0.10141149908304214
522	0.1726027397260274	0.984375	0.10142390429973602
523	0.17307692307692307	0.984375	0.10207916051149368
524	0.17355371900826447	0.984375	0.10225415974855423
525	0.17403314917127072	0.984375	0.10351163148880005
526	0.1745152354570637	0.984375	0.10381697118282318
527	0.175	0.984375	0.1041993498802185
528	0.17548746518105848	0.984375	0.10507334768772125
529	0.17597765363128492	0.984375	0.10554926097393036
530	0.17647058823529413	0.984375	0.10572133213281631
531	0.17696629213483145	0.984375	0.10623866319656372
532	0.17746478873239438	0.984375	0.10637640208005905
533	0.17796610169491525	0.984375	0.10694622993469238
534	0.17847025495750707	0.984375	0.10767102241516113
535	0.17897727272727273	0.984375	0.10792692005634308
536	0.1794871794871795	0.984375	0.10805694013834
537	0.18	0.984375	0.10881969332695007
538	0.18051575931232092	0.984375	0.10898993164300919
539	0.1810344827586207	0.984375	0.10941550135612488
540	0.18155619596541786	0.984375	0.1101192757487297
541	0.1791907514450867	0.96875	0.11012584716081619
542	0.17971014492753623	0.96875	0.11021122336387634
543	0.18023255813953487	0.96875	0.11024188250303268
544	0.18075801749271136	0.96875	0.11036639660596848
545	0.18128654970760233	0.96875	0.11080338805913925
546	0.18181818181818182	0.96875	0.11103454977273941
547	0.18235294117647058	0.96875	0.11166355758905411
548	0.18289085545722714	0.96875	0.11190155893564224
549	0.1834319526627219	0.96875	0.11216055601835251
550	0.18397626112759644	0.96875	0.11271902918815613
551	0.18452380952380953	0.96875	0.11309358477592468
552	0.18507462686567164	0.96875	0.11381085216999054
553	0.18562874251497005	0.96875	0.11397968977689743
554	0.18618618618618618	0.96875	0.11399850249290466
555	0.18674698795180722	0.96875	0.11411920934915543
556	0.18731117824773413	0.96875	0.11412014067173004
557	0.18787878787878787	0.96875	0.11415974795818329
558	0.1884498480243161	0.96875	0.11554006487131119
559	0.18902439024390244	0.96875	0.11587881296873093
560	0.18960244648318042	0.96875	0.11601163446903229
561	0.1901840490797546	0.96875	0.11666916310787201
562	0.19076923076923077	0.96875	0.11674083769321442
563	0.19135802469135801	0.96875	0.11720648407936096
564	0.19195046439628483	0.96875	0.11731112748384476
565	0.19254658385093168	0.96875	0.11777819693088531
566	0.19314641744548286	0.96875	0.11786390841007233
567	0.19375	0.96875	0.1183975413441658
568	0.19435736677115986	0.96875	0.1184082105755806
569	0.1949685534591195	0.96875	0.11873533576726913
570	0.19558359621451105	0.96875	0.11879222840070724
571	0.1962025316455696	0.96875	0.11895497888326645
572	0.19682539682539682	0.96875	0.11953336745500565
573	0.19745222929936307	0.96875	0.11987452208995819
574	0.19808306709265175	0.96875	0.12000265717506409
575	0.1987179487179487	0.96875	0.12070998549461365
576	0.19935691318327975	0.96875	0.1208701804280281
577	0.2	0.96875	0.12221618741750717
578	0.20064724919093851	0.96875	0.12235719710588455
579	0.2012987012987013	0.96875	0.12267114222049713
580	0.20195439739413681	0.96875	0.1229640394449234
581	0.20261437908496732	0.96875	0.12334176898002625
582	0.20327868852459016	0.96875	0.12338338047266006
583	0.20394736842105263	0.96875	0.12421149015426636
584	0.20462046204620463	0.96875	0.12499657273292542
585	0.2052980132450331	0.96875	0.1256437450647354
586	0.2059800664451827	0.96875	0.12582261860370636
587	0.20666666666666667	0.96875	0.12584353983402252
588	0.20735785953177258	0.96875	0.12600138783454895
589	0.2080536912751678	0.96875	0.12612225115299225
590	0.20875420875420875	0.96875	0.1274404674768448
591	0.20945945945945946	0.96875	0.12776146829128265
592	0.21016949152542372	0.96875	0.12788285315036774
593	0.2108843537414966	0.96875	0.12817560136318207
594	0.21160409556313994	0.96875	0.12923215329647064
595	0.21232876712328766	0.96875	0.13200296461582184
596	0.21305841924398625	0.96875	0.13402128219604492
597	0.21379310344827587	0.96875	0.13444773852825165
598	0.21453287197231835	0.96875	0.13505887985229492
599	0.2152777777777778	0.96875	0.1360478699207306
600	0.21602787456445993	0.96875	0.13738040626049042
601	0.21678321678321677	0.96875	0.1382189244031906
602	0.21754385964912282	0.96875	0.13868120312690735
603	0.21830985915492956	0.96875	0.1392565816640854
604	0.21908127208480566	0.96875	0.13946165144443512
605	0.2198581560283688	0.96875	0.1403461992740631
606	0.2206405693950178	0.96875	0.14047867059707642
607	0.22142857142857142	0.96875	0.14115417003631592
608	0.2222222222222222	0.96875	0.14158980548381805
609	0.22302158273381295	0.96875	0.14173680543899536
610	0.22382671480144403	0.96875	0.14257685840129852
611	0.2246376811594203	0.96875	0.14270387589931488
612	0.22545454545454546	0.96875	0.1434994786977768
613	0.22627737226277372	0.96875	0.14402425289154053
614	0.2271062271062271	0.96875	0.1444433331489563
615	0.22794117647058823	0.96875	0.1446681171655655
616	0.22878228782287824	0.96875	0.1451631486415863
617	0.22962962962962963	0.96875	0.14693818986415863
618	0.23048327137546468	0.96875	0.148038849234581
619	0.23134328358208955	0.96875	0.14845967292785645
620	0.22846441947565543	0.953125	0.14981023967266083
621	0.22932330827067668	0.953125	0.1500747948884964
622	0.23018867924528302	0.953125	0.15092913806438446
623	0.23106060606060605	0.953125	0.15131084620952606
624	0.23193916349809887	0.953125	0.15184073150157928
625	0.23282442748091603	0.953125	0.15272821485996246
626	0.23371647509578544	0.953125	0.15322630107402802
627	0.23461538461538461	0.953125	0.15473836660385132
628	0.23552123552123552	0.953125	0.15500883758068085
629	0.2364341085271318	0.953125	0.15561610460281372
630	0.23735408560311283	0.953125	0.1558845490217209
631	0.23828125	0.953125	0.1567912995815277
632	0.23921568627450981	0.953125	0.1569976508617401
633	0.24015748031496062	0.953125	0.1580882966518402
634	0.24110671936758893	0.953125	0.15849193930625916
635	0.24206349206349206	0.953125	0.15885920822620392
636	0.24302788844621515	0.953125	0.15918299555778503
637	0.244	0.953125	0.15946552157402039
638	0.24497991967871485	0.953125	0.15964648127555847
639	0.24596774193548387	0.953125	0.16061368584632874
640	0.24696356275303644	0.953125	0.16150973737239838
641	0.24796747967479674	0.953125	0.1629313975572586
642	0.24897959183673468	0.953125	0.16371387243270874
643	0.25	0.953125	0.16455939412117004
644	0.25102880658436216	0.953125	0.16534969210624695
645	0.25206611570247933	0.953125	0.16558676958084106
646	0.25311203319502074	0.953125	0.16638734936714172
647	0.25416666666666665	0.953125	0.1666470766067505
648	0.25523012552301255	0.953125	0.167994424700737
649	0.25630252100840334	0.953125	0.16802531480789185
650	0.25738396624472576	0.953125	0.16964542865753174
651	0.2584745762711864	0.953125	0.1697583943605423
652	0.25957446808510637	0.953125	0.17051537334918976
653	0.2606837606837607	0.953125	0.17074580490589142
654	0.26180257510729615	0.953125	0.17190684378147125
655	0.2629310344827586	0.953125	0.17377914488315582
656	0.26406926406926406	0.953125	0.17388089001178741
657	0.26521739130434785	0.953125	0.17441491782665253
658	0.2663755458515284	0.953125	0.17467264831066132
659	0.2675438596491228	0.953125	0.17578540742397308
660	0.2687224669603524	0.953125	0.17604736983776093
661	0.26991150442477874	0.953125	0.17605046927928925
662	0.27111111111111114	0.953125	0.17624862492084503
663	0.27232142857142855	0.953125	0.17737019062042236
664	0.26905829596412556	0.9375	0.17795777320861816
665	0.2702702702702703	0.9375	0.1787937879562378
666	0.2669683257918552	0.921875	0.1790599673986435
667	0.2681818181818182	0.921875	0.1793348640203476
668	0.2694063926940639	0.921875	0.18106691539287567
669	0.2706422018348624	0.921875	0.1811082810163498
670	0.271889400921659	0.921875	0.18176200985908508
671	0.27314814814814814	0.921875	0.18323731422424316
672	0.2744186046511628	0.921875	0.18519091606140137
673	0.2757009345794392	0.921875	0.18560902774333954
674	0.27699530516431925	0.921875	0.1861063838005066
675	0.2783018867924528	0.921875	0.1869424432516098
676	0.2796208530805687	0.921875	0.1869468092918396
677	0.28095238095238095	0.921875	0.18713122606277466
678	0.2822966507177033	0.921875	0.18978020548820496
679	0.28365384615384615	0.921875	0.18999461829662323
680	0.28502415458937197	0.921875	0.1927425116300583
681	0.28640776699029125	0.921875	0.19288407266139984
682	0.28780487804878047	0.921875	0.19444839656352997
683	0.28921568627450983	0.921875	0.19501498341560364
684	0.29064039408866993	0.921875	0.19530917704105377
685	0.29207920792079206	0.921875	0.19539405405521393
686	0.2935323383084577	0.921875	0.1968279927968979
687	0.295	0.921875	0.19705569744110107
688	0.2964824120603015	0.921875	0.19793583452701569
689	0.29797979797979796	0.921875	0.19805486500263214
690	0.29949238578680204	0.921875	0.20037591457366943
691	0.3010204081632653	0.921875	0.20056912302970886
692	0.29743589743589743	0.90625	0.20263035595417023
693	0.29896907216494845	0.90625	0.20277705788612366
694	0.3005181347150259	0.90625	0.20540831983089447
695	0.3020833333333333	0.90625	0.20652619004249573
696	0.3036649214659686	0.90625	0.21282102167606354
697	0.30526315789473685	0.90625	0.21356262266635895
698	0.30687830687830686	0.90625	0.21483352780342102
699	0.30851063829787234	0.90625	0.21580548584461212
700	0.31016042780748665	0.90625	0.2179182469844818
701	0.3118279569892473	0.90625	0.22037503123283386
702	0.31351351351351353	0.90625	0.224020853638649
703	0.31521739130434784	0.90625	0.22727814316749573
704	0.3114754098360656	0.890625	0.22962526977062225
705	0.3131868131868132	0.890625	0.23074446618556976
706	0.3149171270718232	0.890625	0.23223651945590973
707	0.31666666666666665	0.890625	0.2331101894378662
708	0.31843575418994413	0.890625	0.2340260148048401
709	0.3202247191011236	0.890625	0.2345413863658905
710	0.3220338983050847	0.890625	0.23479990661144257
711	0.32386363636363635	0.890625	0.2361655831336975
712	0.32571428571428573	0.890625	0.23796214163303375
713	0.3275862068965517	0.890625	0.23831023275852203
714	0.32947976878612717	0.890625	0.23869213461875916
715	0.3313953488372093	0.890625	0.24011275172233582
716	0.3333333333333333	0.890625	0.24183839559555054
717	0.32941176470588235	0.875	0.2442520558834076
718	0.33136094674556216	0.875	0.2445649802684784
719	0.3333333333333333	0.875	0.24543707072734833
720	0.33532934131736525	0.875	0.24602597951889038
721	0.3373493975903614	0.875	0.24633704125881195
722	0.3393939393939394	0.875	0.24741457402706146
723	0.34146341463414637	0.875	0.24802041053771973
724	0.34355828220858897	0.875	0.24863561987876892
725	0.345679012345679	0.875	0.25108301639556885
726	0.34782608695652173	0.875	0.2510944902896881
727	0.35	0.875	0.25715985894203186
728	0.3522012578616352	0.875	0.25737375020980835
729	0.35443037974683544	0.875	0.25920024514198303
730	0.35668789808917195	0.875	0.25947171449661255
731	0.3525641025641026	0.859375	0.26438531279563904
732	0.3548387096774194	0.859375	0.26699045300483704
733	0.35714285714285715	0.859375	0.2670900523662567
734	0.35947712418300654	0.859375	0.2673437297344208
735	0.3618421052631579	0.859375	0.2676503360271454
736	0.36423841059602646	0.859375	0.2676924169063568
737	0.36666666666666664	0.859375	0.2703458368778229
738	0.3691275167785235	0.859375	0.2724844515323639
739	0.3716216216216216	0.859375	0.27285271883010864
740	0.3741496598639456	0.859375	0.27344685792922974
741	0.3767123287671233	0.859375	0.2737065553665161
742	0.3793103448275862	0.859375	0.2740149199962616
743	0.3819444444444444	0.859375	0.2754175364971161
744	0.38461538461538464	0.859375	0.27711543440818787
745	0.38028169014084506	0.84375	0.277412086725235
746	0.375886524822695	0.828125	0.2805863320827484
747	0.37857142857142856	0.828125	0.28158804774284363
748	0.381294964028777	0.828125	0.2818850874900818
749	0.37681159420289856	0.8125	0.28314322233200073
750	0.3795620437956204	0.8125	0.28436195850372314
751	0.375	0.796875	0.2863849401473999
752	0.37777777777777777	0.796875	0.2871759831905365
753	0.3805970149253731	0.796875	0.2879106402397156
754	0.38345864661654133	0.796875	0.2896275818347931
755	0.38636363636363635	0.796875	0.29282134771347046
756	0.3893129770992366	0.796875	0.2967055141925812
757	0.3953488372093023	0.796875	0.2978917360305786
758	0.3984375	0.796875	0.29840460419654846
759	0.4015748031496063	0.796875	0.2995249032974243
760	0.40476190476190477	0.796875	0.3018079102039337
761	0.4	0.78125	0.3024284243583679
762	0.3951612903225806	0.765625	0.3048800528049469
763	0.3983739837398374	0.765625	0.3063355088233948
764	0.4016393442622951	0.765625	0.30811771750450134
765	0.4049586776859504	0.765625	0.30999934673309326
766	0.4	0.75	0.3142233192920685
767	0.3949579831932773	0.734375	0.3152472972869873
768	0.3898305084745763	0.71875	0.3158251941204071
769	0.39316239316239315	0.71875	0.31631091237068176
770	0.3879310344827586	0.703125	0.3180788457393646
771	0.3826086956521739	0.6875	0.3183639347553253
772	0.37719298245614036	0.671875	0.31848281621932983
773	0.3805309734513274	0.671875	0.3231613039970398
774	0.375	0.65625	0.32404428720474243
775	0.3783783783783784	0.65625	0.3261193335056305
776	0.38181818181818183	0.65625	0.32682639360427856
777	0.3853211009174312	0.65625	0.330706924200058
778	0.3888888888888889	0.65625	0.3336397409439087
779	0.3925233644859813	0.65625	0.333913117647171
780	0.39622641509433965	0.65625	0.3341534733772278
781	0.4	0.65625	0.3341883718967438
782	0.40384615384615385	0.65625	0.33421164751052856
783	0.4077669902912621	0.65625	0.33573979139328003
784	0.4117647058823529	0.65625	0.33603206276893616
785	0.40594059405940597	0.640625	0.3370702862739563
786	0.41	0.640625	0.34114140272140503
787	0.40404040404040403	0.625	0.3419169485569
788	0.40816326530612246	0.625	0.3433213233947754
789	0.4020618556701031	0.609375	0.3433951139450073
790	0.3958333333333333	0.59375	0.3450019061565399
791	0.4	0.59375	0.34675782918930054
792	0.40425531914893614	0.59375	0.3506670296192169
793	0.40860215053763443	0.59375	0.3520296812057495
794	0.41304347826086957	0.59375	0.35497772693634033
795	0.4175824175824176	0.59375	0.35562780499458313
796	0.4222222222222222	0.59375	0.35709577798843384
797	0.4157303370786517	0.578125	0.35748887062072754
798	0.42045454545454547	0.578125	0.3594646751880646
799	0.42528735632183906	0.578125	0.3601197600364685
800	0.4186046511627907	0.5625	0.3611140847206116
801	0.4235294117647059	0.5625	0.3625107407569885
802	0.4166666666666667	0.546875	0.36502605676651
803	0.42168674698795183	0.546875	0.3755670189857483
804	0.4268292682926829	0.546875	0.37808504700660706
805	0.41975308641975306	0.53125	0.3791993260383606
806	0.43037974683544306	0.53125	0.38595908880233765
807	0.4358974358974359	0.53125	0.3933326005935669
808	0.44155844155844154	0.53125	0.3975108861923218
809	0.4473684210526316	0.53125	0.40410855412483215
810	0.4533333333333333	0.53125	0.40635624527931213
811	0.4594594594594595	0.53125	0.4077581465244293
812	0.4657534246575342	0.53125	0.4185420870780945
813	0.4722222222222222	0.53125	0.4188343286514282
814	0.4647887323943662	0.515625	0.41954341530799866
815	0.4714285714285714	0.515625	0.42025628685951233
816	0.463768115942029	0.5	0.4231439232826233
817	0.47058823529411764	0.5	0.42625951766967773
818	0.47761194029850745	0.5	0.42730337381362915
819	0.4696969696969697	0.484375	0.43105438351631165
820	0.46153846153846156	0.46875	0.4318605661392212
821	0.46875	0.46875	0.4453418254852295
822	0.4603174603174603	0.453125	0.4471645653247833
823	0.46774193548387094	0.453125	0.4490130841732025
824	0.47540983606557374	0.453125	0.4664459228515625
825	0.4666666666666667	0.4375	0.46774959564208984
826	0.4745762711864407	0.4375	0.4692436158657074
827	0.4827586206896552	0.4375	0.4757889211177826
828	0.47368421052631576	0.421875	0.47823622822761536
829	0.48214285714285715	0.421875	0.47903725504875183
830	0.4909090909090909	0.421875	0.48102954030036926
831	0.48148148148148145	0.40625	0.48473042249679565
832	0.49056603773584906	0.40625	0.4861975312232971
833	0.4807692307692308	0.390625	0.5060386061668396
834	0.49019607843137253	0.390625	0.5127588510513306
835	0.5	0.390625	0.5130300521850586
836	0.5102040816326531	0.390625	0.5336858630180359
837	0.5208333333333334	0.390625	0.5344899892807007
838	0.5106382978723404	0.375	0.5358031392097473
839	0.5217391304347826	0.375	0.5359276533126831
840	0.5333333333333333	0.375	0.5454060435295105
841	0.5454545454545454	0.375	0.5461670756340027
842	0.5348837209302325	0.359375	0.5596116781234741
843	0.5238095238095238	0.34375	0.5651854276657104
844	0.5365853658536586	0.34375	0.5680757761001587
845	0.525	0.328125	0.5774173140525818
846	0.5384615384615384	0.328125	0.5800050497055054
847	0.5263157894736842	0.3125	0.5825081467628479
848	0.5135135135135135	0.296875	0.5885257124900818
849	0.5	0.28125	0.5897285342216492
850	0.5142857142857142	0.28125	0.591029167175293
851	0.5294117647058824	0.28125	0.5958748459815979
852	0.5151515151515151	0.265625	0.5978543758392334
853	0.5	0.25	0.6020272374153137
854	0.4838709677419355	0.234375	0.6026829481124878
855	0.4666666666666667	0.21875	0.6127099394798279
856	0.4827586206896552	0.21875	0.6132012009620667
857	0.5	0.21875	0.6200414299964905
858	0.5185185185185185	0.21875	0.6209739446640015
859	0.5384615384615384	0.21875	0.6301696300506592
860	0.56	0.21875	0.6377230286598206
861	0.5833333333333334	0.21875	0.6391035914421082
862	0.5652173913043478	0.203125	0.6398694515228271
863	0.5909090909090909	0.203125	0.6561314463615417
864	0.6190476190476191	0.203125	0.6565330624580383
865	0.6	0.1875	0.6920853853225708
866	0.5789473684210527	0.171875	0.695723831653595
867	0.6111111111111112	0.171875	0.7068184614181519
868	0.6470588235294118	0.171875	0.7117695808410645
869	0.625	0.15625	0.7259594798088074
870	0.6666666666666666	0.15625	0.7407748103141785
871	0.6428571428571429	0.140625	0.7470775246620178
872	0.6153846153846154	0.125	0.8012521266937256
873	0.5833333333333334	0.109375	0.811053454875946
874	0.5454545454545454	0.09375	0.8198551535606384
875	0.6	0.09375	0.8240100145339966
876	0.6666666666666666	0.09375	0.8545887470245361
877	0.75	0.09375	0.8623960018157959
878	0.8571428571428571	0.09375	0.8677953481674194
879	1.0	0.09375	0.8778622150421143
880	1.0	0.078125	0.9135531783103943
881	1.0	0.0625	0.9256913065910339
882	1.0	0.046875	0.9287335276603699
883	1.0	0.03125	0.937926173210144
884	1.0	0.015625	0.9443063139915466
885	1.0	0.0	
