	precision	recall	threshold
0	0.07191011235955057	1.0	0.02144215814769268
1	0.0719910011248594	1.0	0.025033410638570786
2	0.07207207207207207	1.0	0.025620436295866966
3	0.07215332581736189	1.0	0.028671646490693092
4	0.07223476297968397	1.0	0.029402099549770355
5	0.07231638418079096	1.0	0.029490452259778976
6	0.07239819004524888	1.0	0.03009152039885521
7	0.072480181200453	1.0	0.032423943281173706
8	0.07256235827664399	1.0	0.0324692577123642
9	0.07264472190692395	1.0	0.032901864498853683
10	0.07272727272727272	1.0	0.03295230492949486
11	0.07281001137656427	1.0	0.033302903175354004
12	0.07289293849658314	1.0	0.03371100127696991
13	0.07297605473204105	1.0	0.0339774452149868
14	0.0730593607305936	1.0	0.034627415239810944
15	0.07314285714285715	1.0	0.03496507555246353
16	0.07322654462242563	1.0	0.035828929394483566
17	0.07331042382588775	1.0	0.03588571771979332
18	0.07339449541284404	1.0	0.036597877740859985
19	0.07347876004592423	1.0	0.036880530416965485
20	0.0735632183908046	1.0	0.03769879415631294
21	0.07364787111622555	1.0	0.03774130344390869
22	0.07373271889400922	1.0	0.03879896551370621
23	0.07381776239907728	1.0	0.03885228931903839
24	0.07390300230946882	1.0	0.038860712200403214
25	0.07398843930635839	1.0	0.03889444097876549
26	0.07407407407407407	1.0	0.039688680320978165
27	0.07415990730011587	1.0	0.039781466126441956
28	0.07424593967517401	1.0	0.039908673614263535
29	0.0743321718931475	1.0	0.04007125273346901
30	0.07441860465116279	1.0	0.040486179292201996
31	0.07450523864959255	1.0	0.0407162569463253
32	0.07459207459207459	1.0	0.04123162850737572
33	0.07467911318553092	1.0	0.04128650948405266
34	0.07476635514018691	1.0	0.041382379829883575
35	0.07485380116959064	1.0	0.041598450392484665
36	0.07494145199063232	1.0	0.04165134206414223
37	0.07502930832356389	1.0	0.04180146008729935
38	0.07511737089201878	1.0	0.0419657863676548
39	0.07520564042303172	1.0	0.04196646437048912
40	0.07529411764705882	1.0	0.04220980778336525
41	0.07538280329799764	1.0	0.0423484668135643
42	0.07547169811320754	1.0	0.04258614033460617
43	0.0755608028335301	1.0	0.043244313448667526
44	0.07565011820330969	1.0	0.04341106861829758
45	0.0757396449704142	1.0	0.04406852275133133
46	0.07582938388625593	1.0	0.04426683485507965
47	0.07591933570581258	1.0	0.044618040323257446
48	0.07600950118764846	1.0	0.04482128843665123
49	0.07609988109393578	1.0	0.04511713981628418
50	0.0761904761904762	1.0	0.04512849077582359
51	0.07628128724672228	1.0	0.04525034502148628
52	0.07637231503579953	1.0	0.04528394341468811
53	0.07646356033452807	1.0	0.04529435560107231
54	0.07655502392344497	1.0	0.04562842845916748
55	0.07664670658682635	1.0	0.04573022201657295
56	0.07673860911270983	1.0	0.04586362466216087
57	0.07683073229291716	1.0	0.046059224754571915
58	0.07692307692307693	1.0	0.04611639305949211
59	0.07701564380264742	1.0	0.04617533087730408
60	0.07710843373493977	1.0	0.04622741788625717
61	0.07720144752714113	1.0	0.046405598521232605
62	0.07729468599033816	1.0	0.04654579237103462
63	0.0773881499395405	1.0	0.04694104194641113
64	0.0774818401937046	1.0	0.04741263762116432
65	0.07757575757575758	1.0	0.0476972833275795
66	0.07766990291262135	1.0	0.047896746546030045
67	0.07785888077858881	1.0	0.04820723831653595
68	0.0779537149817296	1.0	0.048255108296871185
69	0.07804878048780488	1.0	0.04833264648914337
70	0.07814407814407814	1.0	0.04835290461778641
71	0.07823960880195599	1.0	0.04839545860886574
72	0.07833537331701346	1.0	0.04872388020157814
73	0.0784313725490196	1.0	0.04872671887278557
74	0.0785276073619632	1.0	0.04889555275440216
75	0.07862407862407862	1.0	0.04912029579281807
76	0.07872078720787208	1.0	0.04912632331252098
77	0.07881773399014778	1.0	0.049139656126499176
78	0.07891491985203453	1.0	0.049158308655023575
79	0.07901234567901234	1.0	0.04928559809923172
80	0.07911001236093942	1.0	0.049448899924755096
81	0.07920792079207921	1.0	0.049490202218294144
82	0.07930607187112763	1.0	0.049692582339048386
83	0.0794044665012407	1.0	0.04970993474125862
84	0.07950310559006211	1.0	0.0498134009540081
85	0.07960199004975124	1.0	0.050152916461229324
86	0.07970112079701121	1.0	0.05016379803419113
87	0.0798004987531172	1.0	0.0502111092209816
88	0.07990012484394507	1.0	0.050303976982831955
89	0.08	1.0	0.050320107489824295
90	0.08010012515644556	1.0	0.05057284235954285
91	0.08020050125313283	1.0	0.050675686448812485
92	0.08030112923462986	1.0	0.05067575350403786
93	0.08040201005025126	1.0	0.050701625645160675
94	0.08050314465408805	1.0	0.0507471077144146
95	0.08060453400503778	1.0	0.05104149132966995
96	0.0807061790668348	1.0	0.05104504153132439
97	0.08080808080808081	1.0	0.05121907219290733
98	0.08091024020227561	1.0	0.05126125365495682
99	0.0810126582278481	1.0	0.0512918159365654
100	0.08111533586818757	1.0	0.051435865461826324
101	0.08121827411167512	1.0	0.05147368460893631
102	0.08132147395171538	1.0	0.0515933632850647
103	0.08142493638676845	1.0	0.05161227658390999
104	0.08152866242038216	1.0	0.05190473422408104
105	0.08163265306122448	1.0	0.05195694416761398
106	0.08173690932311622	1.0	0.05206406116485596
107	0.08184143222506395	1.0	0.05216103047132492
108	0.08194622279129321	1.0	0.052183184772729874
109	0.08205128205128205	1.0	0.05232303962111473
110	0.0821566110397946	1.0	0.052349161356687546
111	0.08226221079691516	1.0	0.05244707316160202
112	0.08236808236808237	1.0	0.05265454947948456
113	0.08247422680412371	1.0	0.05283417925238609
114	0.08258064516129032	1.0	0.052845027297735214
115	0.082687338501292	1.0	0.05285612493753433
116	0.08279430789133248	1.0	0.05295921862125397
117	0.08290155440414508	1.0	0.053016118705272675
118	0.08300907911802853	1.0	0.053063154220581055
119	0.08311688311688312	1.0	0.05309201031923294
120	0.08322496749024708	1.0	0.05329463630914688
121	0.08333333333333333	1.0	0.05340012162923813
122	0.08344198174706649	1.0	0.05348209664225578
123	0.0835509138381201	1.0	0.05367057025432587
124	0.08366013071895424	1.0	0.05395246669650078
125	0.0824607329842932	0.984375	0.05409756302833557
126	0.08256880733944955	0.984375	0.05425624921917915
127	0.08267716535433071	0.984375	0.0543329194188118
128	0.08278580814717477	0.984375	0.05441824346780777
129	0.08289473684210526	0.984375	0.054494358599185944
130	0.08300395256916997	0.984375	0.054518330842256546
131	0.08311345646437995	0.984375	0.05461227521300316
132	0.083223249669749	0.984375	0.054867420345544815
133	0.08333333333333333	0.984375	0.0550275482237339
134	0.08344370860927153	0.984375	0.05509801208972931
135	0.08355437665782493	0.984375	0.05511628836393356
136	0.08366533864541832	0.984375	0.055152952671051025
137	0.08377659574468085	0.984375	0.05520888790488243
138	0.08388814913448735	0.984375	0.055255401879549026
139	0.084	0.984375	0.05527366325259209
140	0.08411214953271028	0.984375	0.05544321611523628
141	0.08422459893048129	0.984375	0.05559960752725601
142	0.08433734939759036	0.984375	0.0556519441306591
143	0.08445040214477212	0.984375	0.055664438754320145
144	0.08456375838926175	0.984375	0.055720675736665726
145	0.0846774193548387	0.984375	0.05584193021059036
146	0.0847913862718708	0.984375	0.055957552045583725
147	0.08490566037735849	0.984375	0.056246593594551086
148	0.08502024291497975	0.984375	0.05627455934882164
149	0.08513513513513514	0.984375	0.056279256939888
150	0.08525033829499323	0.984375	0.056395336985588074
151	0.08536585365853659	0.984375	0.05647832900285721
152	0.08548168249660787	0.984375	0.056561145931482315
153	0.08559782608695653	0.984375	0.057062212377786636
154	0.08571428571428572	0.984375	0.057238150388002396
155	0.08583106267029973	0.984375	0.05744606629014015
156	0.08594815825375171	0.984375	0.05748151242733002
157	0.0860655737704918	0.984375	0.05751635879278183
158	0.08618331053351573	0.984375	0.05764893442392349
159	0.0863013698630137	0.984375	0.05811496451497078
160	0.08641975308641975	0.984375	0.058215122669935226
161	0.08653846153846154	0.984375	0.05833832174539566
162	0.08665749656121045	0.984375	0.05837219953536987
163	0.08677685950413223	0.984375	0.058387547731399536
164	0.08689655172413793	0.984375	0.05840884894132614
165	0.08701657458563536	0.984375	0.058539316058158875
166	0.08713692946058091	0.984375	0.05866696313023567
167	0.08725761772853186	0.984375	0.05881212651729584
168	0.08737864077669903	0.984375	0.05882813781499863
169	0.0875	0.984375	0.05886507034301758
170	0.08762169680111266	0.984375	0.05895949527621269
171	0.08774373259052924	0.984375	0.0590677484869957
172	0.08786610878661087	0.984375	0.059223294258117676
173	0.08798882681564246	0.984375	0.05926233530044556
174	0.08811188811188811	0.984375	0.059337008744478226
175	0.08823529411764706	0.984375	0.05937514454126358
176	0.08835904628330996	0.984375	0.05937814339995384
177	0.08848314606741572	0.984375	0.059622809290885925
178	0.08860759493670886	0.984375	0.05969143286347389
179	0.08873239436619719	0.984375	0.05982361361384392
180	0.08885754583921016	0.984375	0.05991310998797417
181	0.08898305084745763	0.984375	0.05996963381767273
182	0.0891089108910891	0.984375	0.06004605069756508
183	0.08923512747875353	0.984375	0.060089707374572754
184	0.08936170212765958	0.984375	0.060124024748802185
185	0.08948863636363637	0.984375	0.06029298156499863
186	0.08961593172119488	0.984375	0.06036818027496338
187	0.08974358974358974	0.984375	0.06050331890583038
188	0.0898716119828816	0.984375	0.06058608740568161
189	0.09	0.984375	0.06061017885804176
190	0.09012875536480687	0.984375	0.06061253324151039
191	0.09025787965616046	0.984375	0.06061267480254173
192	0.09038737446197992	0.984375	0.060819607228040695
193	0.09051724137931035	0.984375	0.06103132292628288
194	0.09064748201438849	0.984375	0.06114443764090538
195	0.09077809798270893	0.984375	0.06116848066449165
196	0.09090909090909091	0.984375	0.06127345934510231
197	0.09104046242774566	0.984375	0.061400484293699265
198	0.09117221418234443	0.984375	0.06140090897679329
199	0.09130434782608696	0.984375	0.06142023205757141
200	0.09143686502177069	0.984375	0.06149204447865486
201	0.09156976744186046	0.984375	0.061567142605781555
202	0.09170305676855896	0.984375	0.061774976551532745
203	0.09183673469387756	0.984375	0.06180917099118233
204	0.09197080291970802	0.984375	0.06186940148472786
205	0.09210526315789473	0.984375	0.06204323098063469
206	0.09224011713030747	0.984375	0.06205982714891434
207	0.09237536656891496	0.984375	0.06222090125083923
208	0.09251101321585903	0.984375	0.062313925474882126
209	0.09264705882352942	0.984375	0.06237318739295006
210	0.09278350515463918	0.984375	0.0625164583325386
211	0.09292035398230089	0.984375	0.06267483532428741
212	0.0930576070901034	0.984375	0.06267955899238586
213	0.09333333333333334	0.984375	0.06280266493558884
214	0.09347181008902077	0.984375	0.06312859803438187
215	0.09361069836552749	0.984375	0.0632428377866745
216	0.09375	0.984375	0.06324589252471924
217	0.09388971684053651	0.984375	0.06335512548685074
218	0.09402985074626866	0.984375	0.06342367827892303
219	0.09417040358744394	0.984375	0.06344348192214966
220	0.09431137724550898	0.984375	0.06347256898880005
221	0.0944527736131934	0.984375	0.06357114017009735
222	0.0945945945945946	0.984375	0.06430324167013168
223	0.09473684210526316	0.984375	0.06459376960992813
224	0.09487951807228916	0.984375	0.06476179510354996
225	0.09502262443438914	0.984375	0.06483115255832672
226	0.09516616314199396	0.984375	0.06485826522111893
227	0.09531013615733737	0.984375	0.06516044586896896
228	0.09545454545454546	0.984375	0.06530574709177017
229	0.09559939301972686	0.984375	0.06537842750549316
230	0.09574468085106383	0.984375	0.06546802073717117
231	0.0958904109589041	0.984375	0.06554742157459259
232	0.09603658536585366	0.984375	0.06568143516778946
233	0.09618320610687023	0.984375	0.06568146497011185
234	0.0963302752293578	0.984375	0.06593156605958939
235	0.09647779479326186	0.984375	0.06596971303224564
236	0.09662576687116564	0.984375	0.06613747775554657
237	0.0967741935483871	0.984375	0.06613992154598236
238	0.09692307692307692	0.984375	0.06635516881942749
239	0.0970724191063174	0.984375	0.06637147814035416
240	0.09722222222222222	0.984375	0.06643389910459518
241	0.09752321981424149	0.984375	0.06646936386823654
242	0.09767441860465116	0.984375	0.0664963647723198
243	0.09782608695652174	0.984375	0.06671904772520065
244	0.09797822706065319	0.984375	0.06721417605876923
245	0.09813084112149532	0.984375	0.06730622053146362
246	0.09828393135725429	0.984375	0.06761346757411957
247	0.0984375	0.984375	0.06768924742937088
248	0.09859154929577464	0.984375	0.06775805354118347
249	0.0987460815047022	0.984375	0.06785910576581955
250	0.0989010989010989	0.984375	0.06801853328943253
251	0.09905660377358491	0.984375	0.06811373680830002
252	0.09921259842519685	0.984375	0.06845647096633911
253	0.09936908517350158	0.984375	0.06850243359804153
254	0.0995260663507109	0.984375	0.06854196637868881
255	0.09968354430379747	0.984375	0.06898681074380875
256	0.09984152139461172	0.984375	0.06899429857730865
257	0.1	0.984375	0.06922529637813568
258	0.10015898251192369	0.984375	0.06958136707544327
259	0.10031847133757962	0.984375	0.06961121410131454
260	0.10047846889952153	0.984375	0.07024552673101425
261	0.10063897763578275	0.984375	0.0702609121799469
262	0.1008	0.984375	0.07042840123176575
263	0.10096153846153846	0.984375	0.07043634355068207
264	0.10112359550561797	0.984375	0.07062891125679016
265	0.10128617363344052	0.984375	0.07102011889219284
266	0.10144927536231885	0.984375	0.07109677046537399
267	0.10161290322580645	0.984375	0.071164071559906
268	0.10177705977382875	0.984375	0.07136571407318115
269	0.10194174757281553	0.984375	0.071381576359272
270	0.10210696920583469	0.984375	0.0714070275425911
271	0.10227272727272728	0.984375	0.07162488251924515
272	0.1024390243902439	0.984375	0.07170863449573517
273	0.10260586319218241	0.984375	0.07179886102676392
274	0.10277324632952692	0.984375	0.07184857875108719
275	0.10294117647058823	0.984375	0.07201192528009415
276	0.10310965630114566	0.984375	0.07205314189195633
277	0.10327868852459017	0.984375	0.072172611951828
278	0.10344827586206896	0.984375	0.07226494699716568
279	0.10361842105263158	0.984375	0.07231201231479645
280	0.10378912685337727	0.984375	0.07250956445932388
281	0.10396039603960396	0.984375	0.07261764258146286
282	0.10413223140495868	0.984375	0.07265491783618927
283	0.10430463576158941	0.984375	0.07296101748943329
284	0.1044776119402985	0.984375	0.07308927178382874
285	0.10465116279069768	0.984375	0.07322608679533005
286	0.1048252911813644	0.984375	0.07344231754541397
287	0.105	0.984375	0.07356949895620346
288	0.10517529215358931	0.984375	0.07357317209243774
289	0.10535117056856187	0.984375	0.07359184324741364
290	0.10552763819095477	0.984375	0.07364215701818466
291	0.10570469798657718	0.984375	0.07382085919380188
292	0.10588235294117647	0.984375	0.07382107526063919
293	0.10606060606060606	0.984375	0.07430405169725418
294	0.10623946037099494	0.984375	0.07440932095050812
295	0.10641891891891891	0.984375	0.07460329681634903
296	0.1065989847715736	0.984375	0.07475275546312332
297	0.10677966101694915	0.984375	0.07479887455701828
298	0.10696095076400679	0.984375	0.07507826387882233
299	0.10714285714285714	0.984375	0.07538727670907974
300	0.10732538330494037	0.984375	0.07562709599733353
301	0.1075085324232082	0.984375	0.07589966058731079
302	0.1076923076923077	0.984375	0.0759524330496788
303	0.10787671232876712	0.984375	0.07597444206476212
304	0.10806174957118353	0.984375	0.07599620521068573
305	0.10824742268041238	0.984375	0.07602400332689285
306	0.10862068965517241	0.984375	0.076116643846035
307	0.10880829015544041	0.984375	0.07612603902816772
308	0.10899653979238755	0.984375	0.07615456730127335
309	0.10918544194107452	0.984375	0.07616345584392548
310	0.109375	0.984375	0.07617224752902985
311	0.10956521739130434	0.984375	0.07628434151411057
312	0.10975609756097561	0.984375	0.07692322880029678
313	0.1099476439790576	0.984375	0.07695836573839188
314	0.11013986013986014	0.984375	0.07724824547767639
315	0.11033274956217162	0.984375	0.07731805741786957
316	0.11052631578947368	0.984375	0.07741419970989227
317	0.11072056239015818	0.984375	0.07766660302877426
318	0.11091549295774648	0.984375	0.07767907530069351
319	0.1111111111111111	0.984375	0.07777058333158493
320	0.11130742049469965	0.984375	0.0777774229645729
321	0.11150442477876106	0.984375	0.07782706618309021
322	0.11170212765957446	0.984375	0.0779489204287529
323	0.11190053285968028	0.984375	0.0782124400138855
324	0.11209964412811388	0.984375	0.07857658714056015
325	0.11229946524064172	0.984375	0.07859908789396286
326	0.1125	0.984375	0.07882117480039597
327	0.11270125223613596	0.984375	0.07884155213832855
328	0.11290322580645161	0.984375	0.07919053733348846
329	0.11310592459605028	0.984375	0.07960660755634308
330	0.11330935251798561	0.984375	0.07964286208152771
331	0.11351351351351352	0.984375	0.07988177239894867
332	0.11371841155234658	0.984375	0.08063451200723648
333	0.11392405063291139	0.984375	0.08077791333198547
334	0.11413043478260869	0.984375	0.0815562754869461
335	0.11433756805807622	0.984375	0.08210590481758118
336	0.11454545454545455	0.984375	0.08210917562246323
337	0.11475409836065574	0.984375	0.08212093263864517
338	0.11496350364963503	0.984375	0.08215269446372986
339	0.11517367458866545	0.984375	0.0822109580039978
340	0.11538461538461539	0.984375	0.08241850137710571
341	0.11559633027522936	0.984375	0.08248930424451828
342	0.11580882352941177	0.984375	0.08302703499794006
343	0.11602209944751381	0.984375	0.08309239894151688
344	0.11623616236162361	0.984375	0.0832803025841713
345	0.11645101663585952	0.984375	0.08353956788778305
346	0.11666666666666667	0.984375	0.08354899287223816
347	0.11688311688311688	0.984375	0.08407336473464966
348	0.1171003717472119	0.984375	0.08407686650753021
349	0.11731843575418995	0.984375	0.08415941148996353
350	0.11753731343283583	0.984375	0.08441179245710373
351	0.11775700934579439	0.984375	0.08449043333530426
352	0.11797752808988764	0.984375	0.08468624949455261
353	0.11819887429643527	0.984375	0.08483469486236572
354	0.11842105263157894	0.984375	0.08499062806367874
355	0.11864406779661017	0.984375	0.08515239506959915
356	0.11886792452830189	0.984375	0.08549582213163376
357	0.11909262759924386	0.984375	0.08551319688558578
358	0.11931818181818182	0.984375	0.08571456372737885
359	0.11954459203036052	0.984375	0.08601439744234085
360	0.11977186311787072	0.984375	0.08703982084989548
361	0.12	0.984375	0.08708637952804565
362	0.12022900763358779	0.984375	0.08711829036474228
363	0.12045889101338432	0.984375	0.08728349953889847
364	0.1206896551724138	0.984375	0.08729482442140579
365	0.12092130518234165	0.984375	0.08736786991357803
366	0.12115384615384615	0.984375	0.08744081109762192
367	0.12138728323699421	0.984375	0.08745161443948746
368	0.12162162162162163	0.984375	0.08777417242527008
369	0.1218568665377176	0.984375	0.08779893815517426
370	0.12209302325581395	0.984375	0.0878296047449112
371	0.12233009708737864	0.984375	0.0880470871925354
372	0.122568093385214	0.984375	0.08804743736982346
373	0.12280701754385964	0.984375	0.08824218809604645
374	0.123046875	0.984375	0.08827387541532516
375	0.1232876712328767	0.984375	0.08851899206638336
376	0.12352941176470589	0.984375	0.08852226287126541
377	0.1237721021611002	0.984375	0.08874528110027313
378	0.12401574803149606	0.984375	0.08928431570529938
379	0.1242603550295858	0.984375	0.08941148221492767
380	0.12450592885375494	0.984375	0.08953903615474701
381	0.12475247524752475	0.984375	0.08957422524690628
382	0.125	0.984375	0.08960339426994324
383	0.12524850894632206	0.984375	0.08976753801107407
384	0.1254980079681275	0.984375	0.08978287875652313
385	0.12574850299401197	0.984375	0.08984029293060303
386	0.126	0.984375	0.08990588784217834
387	0.12625250501002003	0.984375	0.09003777801990509
388	0.12650602409638553	0.984375	0.09034588932991028
389	0.1267605633802817	0.984375	0.09109274297952652
390	0.12701612903225806	0.984375	0.0913688987493515
391	0.12727272727272726	0.984375	0.09149639308452606
392	0.12753036437246965	0.984375	0.0916256457567215
393	0.12778904665314403	0.984375	0.09181542694568634
394	0.12804878048780488	0.984375	0.09186221659183502
395	0.12830957230142567	0.984375	0.0919124037027359
396	0.12857142857142856	0.984375	0.09196855127811432
397	0.12883435582822086	0.984375	0.09233449399471283
398	0.1290983606557377	0.984375	0.09247172623872757
399	0.1293634496919918	0.984375	0.09256941080093384
400	0.12962962962962962	0.984375	0.09279528260231018
401	0.12989690721649486	0.984375	0.0928378477692604
402	0.13016528925619836	0.984375	0.09291972219944
403	0.13043478260869565	0.984375	0.09311772882938385
404	0.13070539419087138	0.984375	0.09313365817070007
405	0.13097713097713098	0.984375	0.09319492429494858
406	0.13125	0.984375	0.09323631972074509
407	0.1315240083507307	0.984375	0.09324297308921814
408	0.13179916317991633	0.984375	0.0932655781507492
409	0.1320754716981132	0.984375	0.09358412027359009
410	0.1323529411764706	0.984375	0.09368482232093811
411	0.13263157894736843	0.984375	0.09377980977296829
412	0.13291139240506328	0.984375	0.09378023445606232
413	0.1331923890063425	0.984375	0.0942656397819519
414	0.13347457627118645	0.984375	0.09431803226470947
415	0.1337579617834395	0.984375	0.09438929706811905
416	0.13404255319148936	0.984375	0.09468643367290497
417	0.13432835820895522	0.984375	0.09469450265169144
418	0.1346153846153846	0.984375	0.09485742449760437
419	0.1349036402569593	0.984375	0.09522583335638046
420	0.1351931330472103	0.984375	0.09532595425844193
421	0.13548387096774195	0.984375	0.09541488438844681
422	0.13577586206896552	0.984375	0.09545213729143143
423	0.13606911447084233	0.984375	0.09553217887878418
424	0.13636363636363635	0.984375	0.09555968642234802
425	0.13665943600867678	0.984375	0.09578045457601547
426	0.13695652173913042	0.984375	0.09586143493652344
427	0.13725490196078433	0.984375	0.09619609266519547
428	0.13755458515283842	0.984375	0.09631771594285965
429	0.13785557986870897	0.984375	0.09676551818847656
430	0.13815789473684212	0.984375	0.09693734347820282
431	0.13846153846153847	0.984375	0.097209632396698
432	0.13876651982378854	0.984375	0.09758540242910385
433	0.1390728476821192	0.984375	0.09780873358249664
434	0.13938053097345132	0.984375	0.09790918976068497
435	0.13968957871396895	0.984375	0.09800296276807785
436	0.14	0.984375	0.09854128211736679
437	0.1403118040089087	0.984375	0.0986437052488327
438	0.140625	0.984375	0.09865223616361618
439	0.14093959731543623	0.984375	0.09876590967178345
440	0.1412556053811659	0.984375	0.0988592579960823
441	0.14157303370786517	0.984375	0.09926429390907288
442	0.14189189189189189	0.984375	0.09927324205636978
443	0.14221218961625282	0.984375	0.09974082559347153
444	0.1425339366515837	0.984375	0.09994503110647202
445	0.14285714285714285	0.984375	0.0999993309378624
446	0.1431818181818182	0.984375	0.1001124307513237
447	0.14350797266514806	0.984375	0.10045831650495529
448	0.14383561643835616	0.984375	0.10089293867349625
449	0.14416475972540047	0.984375	0.10145401954650879
450	0.1444954128440367	0.984375	0.10150745511054993
451	0.14482758620689656	0.984375	0.10162382572889328
452	0.14516129032258066	0.984375	0.10170987993478775
453	0.14549653579676675	0.984375	0.10187193751335144
454	0.14583333333333334	0.984375	0.1020977720618248
455	0.14617169373549885	0.984375	0.10230790078639984
456	0.14651162790697675	0.984375	0.10255930572748184
457	0.14685314685314685	0.984375	0.10257015377283096
458	0.14719626168224298	0.984375	0.10278046131134033
459	0.14754098360655737	0.984375	0.1028141900897026
460	0.14788732394366197	0.984375	0.1032194048166275
461	0.14823529411764705	0.984375	0.10327895730733871
462	0.14858490566037735	0.984375	0.1034543439745903
463	0.14893617021276595	0.984375	0.10347039997577667
464	0.14928909952606634	0.984375	0.10361342877149582
465	0.1496437054631829	0.984375	0.10368451476097107
466	0.15	0.984375	0.10408175736665726
467	0.15035799522673032	0.984375	0.10412727296352386
468	0.1507177033492823	0.984375	0.10424002259969711
469	0.1510791366906475	0.984375	0.10436517745256424
470	0.15144230769230768	0.984375	0.10489305108785629
471	0.15180722891566265	0.984375	0.10505203902721405
472	0.15217391304347827	0.984375	0.10510246455669403
473	0.15254237288135594	0.984375	0.10554678738117218
474	0.1529126213592233	0.984375	0.10565190017223358
475	0.15328467153284672	0.984375	0.10591459274291992
476	0.15365853658536585	0.984375	0.10598596185445786
477	0.15403422982885084	0.984375	0.10624902695417404
478	0.15441176470588236	0.984375	0.10676214843988419
479	0.1547911547911548	0.984375	0.1080702468752861
480	0.15517241379310345	0.984375	0.10884752869606018
481	0.15555555555555556	0.984375	0.10913731902837753
482	0.15594059405940594	0.984375	0.10934765636920929
483	0.15632754342431762	0.984375	0.1094357818365097
484	0.15671641791044777	0.984375	0.10959790647029877
485	0.1571072319201995	0.984375	0.109916090965271
486	0.1575	0.984375	0.11017952114343643
487	0.15789473684210525	0.984375	0.11062491685152054
488	0.15829145728643215	0.984375	0.11075616627931595
489	0.15869017632241814	0.984375	0.11080345511436462
490	0.1590909090909091	0.984375	0.11100147664546967
491	0.15949367088607594	0.984375	0.11134229600429535
492	0.1598984771573604	0.984375	0.11178173869848251
493	0.16030534351145037	0.984375	0.1133304089307785
494	0.16071428571428573	0.984375	0.11360400915145874
495	0.16112531969309463	0.984375	0.1143893450498581
496	0.16153846153846155	0.984375	0.11441413313150406
497	0.16195372750642673	0.984375	0.11469654738903046
498	0.16237113402061856	0.984375	0.11494168639183044
499	0.16020671834625322	0.96875	0.11498181521892548
500	0.16062176165803108	0.96875	0.11543747037649155
501	0.16103896103896104	0.96875	0.11549417674541473
502	0.16145833333333334	0.96875	0.11596600711345673
503	0.1618798955613577	0.96875	0.1160108894109726
504	0.16230366492146597	0.96875	0.11632399260997772
505	0.16272965879265092	0.96875	0.11646651476621628
506	0.1631578947368421	0.96875	0.11660924553871155
507	0.16358839050131926	0.96875	0.11661557853221893
508	0.164021164021164	0.96875	0.1167377308011055
509	0.16445623342175067	0.96875	0.11697135120630264
510	0.16489361702127658	0.96875	0.11699584871530533
511	0.16533333333333333	0.96875	0.11739373952150345
512	0.1657754010695187	0.96875	0.11746717244386673
513	0.16621983914209115	0.96875	0.11760855466127396
514	0.16666666666666666	0.96875	0.11800853163003922
515	0.16711590296495957	0.96875	0.11807230114936829
516	0.16756756756756758	0.96875	0.11838262528181076
517	0.16802168021680217	0.96875	0.11883047223091125
518	0.16847826086956522	0.96875	0.11918919533491135
519	0.16893732970027248	0.96875	0.11923408508300781
520	0.16939890710382513	0.96875	0.11924829334020615
521	0.16986301369863013	0.96875	0.11977193504571915
522	0.17032967032967034	0.96875	0.12019509822130203
523	0.17079889807162535	0.96875	0.12019620835781097
524	0.1712707182320442	0.96875	0.12054526060819626
525	0.17174515235457063	0.96875	0.1206437349319458
526	0.17222222222222222	0.96875	0.12112897634506226
527	0.17270194986072424	0.96875	0.12116934359073639
528	0.17318435754189945	0.96875	0.12128914892673492
529	0.17366946778711484	0.96875	0.12136965990066528
530	0.17415730337078653	0.96875	0.12230057269334793
531	0.17464788732394365	0.96875	0.12279844284057617
532	0.1751412429378531	0.96875	0.1230117604136467
533	0.17563739376770537	0.96875	0.12330171465873718
534	0.17613636363636365	0.96875	0.12354522198438644
535	0.17663817663817663	0.96875	0.12419318407773972
536	0.17714285714285713	0.96875	0.12420216202735901
537	0.17765042979942694	0.96875	0.12434263527393341
538	0.1781609195402299	0.96875	0.12448476254940033
539	0.1786743515850144	0.96875	0.12457524240016937
540	0.1791907514450867	0.96875	0.1247171014547348
541	0.17971014492753623	0.96875	0.12485253065824509
542	0.18023255813953487	0.96875	0.12555181980133057
543	0.18075801749271136	0.96875	0.12727485597133636
544	0.18128654970760233	0.96875	0.12733520567417145
545	0.17888563049853373	0.953125	0.12868157029151917
546	0.17941176470588235	0.953125	0.12930358946323395
547	0.17994100294985252	0.953125	0.1294955462217331
548	0.1804733727810651	0.953125	0.12981651723384857
549	0.18100890207715134	0.953125	0.1300402134656906
550	0.18154761904761904	0.953125	0.13057126104831696
551	0.18208955223880596	0.953125	0.13070321083068848
552	0.18263473053892215	0.953125	0.13073447346687317
553	0.1831831831831832	0.953125	0.1313505470752716
554	0.18373493975903615	0.953125	0.13180549442768097
555	0.18429003021148035	0.953125	0.13256880640983582
556	0.18484848484848485	0.953125	0.13306650519371033
557	0.18541033434650456	0.953125	0.13335110247135162
558	0.18597560975609756	0.953125	0.1334862858057022
559	0.18654434250764526	0.953125	0.1343926191329956
560	0.18711656441717792	0.953125	0.13477765023708344
561	0.18769230769230769	0.953125	0.13602997362613678
562	0.1882716049382716	0.953125	0.13624754548072815
563	0.18885448916408668	0.953125	0.13680841028690338
564	0.18944099378881987	0.953125	0.13713385164737701
565	0.19003115264797507	0.953125	0.13717703521251678
566	0.190625	0.953125	0.13818517327308655
567	0.19122257053291536	0.953125	0.13915695250034332
568	0.1918238993710692	0.953125	0.1396157592535019
569	0.19242902208201892	0.953125	0.14026351273059845
570	0.1930379746835443	0.953125	0.14083029329776764
571	0.19365079365079366	0.953125	0.14104148745536804
572	0.1942675159235669	0.953125	0.14142116904258728
573	0.19488817891373802	0.953125	0.1420743465423584
574	0.1955128205128205	0.953125	0.14266513288021088
575	0.19614147909967847	0.953125	0.14299209415912628
576	0.1967741935483871	0.953125	0.1430814564228058
577	0.19741100323624594	0.953125	0.14359867572784424
578	0.19805194805194806	0.953125	0.14379467070102692
579	0.1986970684039088	0.953125	0.1440185010433197
580	0.19934640522875818	0.953125	0.14415718615055084
581	0.2	0.953125	0.1444108784198761
582	0.20065789473684212	0.953125	0.14577685296535492
583	0.20132013201320131	0.953125	0.14627479016780853
584	0.20198675496688742	0.953125	0.146752268075943
585	0.2026578073089701	0.953125	0.14697502553462982
586	0.20333333333333334	0.953125	0.14771519601345062
587	0.2040133779264214	0.953125	0.1483459323644638
588	0.20469798657718122	0.953125	0.14875450730323792
589	0.2053872053872054	0.953125	0.14886881411075592
590	0.20608108108108109	0.953125	0.14902113378047943
591	0.20677966101694914	0.953125	0.1492391675710678
592	0.20748299319727892	0.953125	0.15008927881717682
593	0.20819112627986347	0.953125	0.1513167768716812
594	0.2054794520547945	0.9375	0.15157845616340637
595	0.20618556701030927	0.9375	0.15163439512252808
596	0.20689655172413793	0.9375	0.1522364467382431
597	0.20761245674740483	0.9375	0.15385864675045013
598	0.20833333333333334	0.9375	0.15434613823890686
599	0.20905923344947736	0.9375	0.15442658960819244
600	0.2097902097902098	0.9375	0.15447717905044556
601	0.21052631578947367	0.9375	0.1545189768075943
602	0.2112676056338028	0.9375	0.15497986972332
603	0.21201413427561838	0.9375	0.15565861761569977
604	0.2127659574468085	0.9375	0.15567609667778015
605	0.21352313167259787	0.9375	0.15569932758808136
606	0.21428571428571427	0.9375	0.15595491230487823
607	0.21505376344086022	0.9375	0.15620866417884827
608	0.2158273381294964	0.9375	0.15693742036819458
609	0.21660649819494585	0.9375	0.15699037909507751
610	0.21739130434782608	0.9375	0.15796929597854614
611	0.21818181818181817	0.9375	0.15801498293876648
612	0.21897810218978103	0.9375	0.15816299617290497
613	0.21978021978021978	0.9375	0.15959426760673523
614	0.22058823529411764	0.9375	0.15988406538963318
615	0.22140221402214022	0.9375	0.16018594801425934
616	0.2222222222222222	0.9375	0.16100895404815674
617	0.22304832713754646	0.9375	0.1613200306892395
618	0.22388059701492538	0.9375	0.161455437541008
619	0.2247191011235955	0.9375	0.16196419298648834
620	0.22556390977443608	0.9375	0.16412363946437836
621	0.22641509433962265	0.9375	0.1643778383731842
622	0.22727272727272727	0.9375	0.16449032723903656
623	0.22813688212927757	0.9375	0.1650044322013855
624	0.22900763358778625	0.9375	0.16513536870479584
625	0.22988505747126436	0.9375	0.16532215476036072
626	0.23076923076923078	0.9375	0.16665595769882202
627	0.23166023166023167	0.9375	0.1673109233379364
628	0.23255813953488372	0.9375	0.16784092783927917
629	0.23346303501945526	0.9375	0.1680193841457367
630	0.234375	0.9375	0.16860413551330566
631	0.23529411764705882	0.9375	0.1698683351278305
632	0.23622047244094488	0.9375	0.17385882139205933
633	0.23715415019762845	0.9375	0.17426088452339172
634	0.23809523809523808	0.9375	0.17450007796287537
635	0.23904382470119523	0.9375	0.17557528614997864
636	0.24	0.9375	0.17574752867221832
637	0.24096385542168675	0.9375	0.17668509483337402
638	0.24193548387096775	0.9375	0.17672255635261536
639	0.242914979757085	0.9375	0.1767905205488205
640	0.24390243902439024	0.9375	0.17805249989032745
641	0.24489795918367346	0.9375	0.17942829430103302
642	0.2459016393442623	0.9375	0.17971009016036987
643	0.24691358024691357	0.9375	0.18014585971832275
644	0.24793388429752067	0.9375	0.18099184334278107
645	0.24896265560165975	0.9375	0.18165896832942963
646	0.25	0.9375	0.18280857801437378
647	0.2510460251046025	0.9375	0.1829512119293213
648	0.25210084033613445	0.9375	0.18393315374851227
649	0.25316455696202533	0.9375	0.1842564195394516
650	0.2542372881355932	0.9375	0.18453030288219452
651	0.2553191489361702	0.9375	0.18499860167503357
652	0.2564102564102564	0.9375	0.18533003330230713
653	0.2575107296137339	0.9375	0.18612214922904968
654	0.25862068965517243	0.9375	0.1870804727077484
655	0.2597402597402597	0.9375	0.18730683624744415
656	0.2608695652173913	0.9375	0.18749260902404785
657	0.26200873362445415	0.9375	0.1889718770980835
658	0.2631578947368421	0.9375	0.18959374725818634
659	0.2643171806167401	0.9375	0.19003474712371826
660	0.26548672566371684	0.9375	0.19042466580867767
661	0.26666666666666666	0.9375	0.19051583111286163
662	0.26785714285714285	0.9375	0.19120679795742035
663	0.26905829596412556	0.9375	0.19321922957897186
664	0.2702702702702703	0.9375	0.19436641037464142
665	0.27149321266968324	0.9375	0.19519801437854767
666	0.2727272727272727	0.9375	0.19528229534626007
667	0.273972602739726	0.9375	0.19574923813343048
668	0.27522935779816515	0.9375	0.1962127536535263
669	0.2764976958525346	0.9375	0.19700530171394348
670	0.2777777777777778	0.9375	0.1976848691701889
671	0.27906976744186046	0.9375	0.20013095438480377
672	0.2803738317757009	0.9375	0.20353896915912628
673	0.28169014084507044	0.9375	0.20448651909828186
674	0.2830188679245283	0.9375	0.20448747277259827
675	0.2843601895734597	0.9375	0.20474585890769958
676	0.2857142857142857	0.9375	0.20580798387527466
677	0.28708133971291866	0.9375	0.2059621810913086
678	0.28846153846153844	0.9375	0.20688089728355408
679	0.2898550724637681	0.9375	0.20816391706466675
680	0.2912621359223301	0.9375	0.20953680574893951
681	0.2926829268292683	0.9375	0.21195681393146515
682	0.29411764705882354	0.9375	0.21421310305595398
683	0.2955665024630542	0.9375	0.21652084589004517
684	0.29207920792079206	0.921875	0.21710814535617828
685	0.2885572139303483	0.90625	0.21783925592899323
686	0.285	0.890625	0.21855267882347107
687	0.2864321608040201	0.890625	0.21927137672901154
688	0.2878787878787879	0.890625	0.2208448052406311
689	0.28426395939086296	0.875	0.22294512391090393
690	0.2857142857142857	0.875	0.22422944009304047
691	0.28205128205128205	0.859375	0.22760163247585297
692	0.28350515463917525	0.859375	0.22813798487186432
693	0.2849740932642487	0.859375	0.22813917696475983
694	0.2864583333333333	0.859375	0.22987370193004608
695	0.28272251308900526	0.84375	0.23050373792648315
696	0.2789473684210526	0.828125	0.23179958760738373
697	0.2804232804232804	0.828125	0.23344668745994568
698	0.28191489361702127	0.828125	0.23472680151462555
699	0.28342245989304815	0.828125	0.23489168286323547
700	0.2849462365591398	0.828125	0.23767225444316864
701	0.2810810810810811	0.8125	0.23839031159877777
702	0.27717391304347827	0.796875	0.23866704106330872
703	0.2786885245901639	0.796875	0.23996049165725708
704	0.2802197802197802	0.796875	0.24064525961875916
705	0.27624309392265195	0.78125	0.24206019937992096
706	0.2777777777777778	0.78125	0.24368056654930115
707	0.27932960893854747	0.78125	0.24455319344997406
708	0.2808988764044944	0.78125	0.2477029711008072
709	0.2824858757062147	0.78125	0.24883346259593964
710	0.2840909090909091	0.78125	0.2502644658088684
711	0.28	0.765625	0.250480979681015
712	0.28160919540229884	0.765625	0.25204741954803467
713	0.2832369942196532	0.765625	0.2532040774822235
714	0.28488372093023256	0.765625	0.25326764583587646
715	0.28654970760233917	0.765625	0.25359782576560974
716	0.28823529411764703	0.765625	0.2540256977081299
717	0.28994082840236685	0.765625	0.25449225306510925
718	0.2916666666666667	0.765625	0.2545914649963379
719	0.2934131736526946	0.765625	0.2552584111690521
720	0.29518072289156627	0.765625	0.2555607557296753
721	0.296969696969697	0.765625	0.25931358337402344
722	0.29878048780487804	0.765625	0.26080766320228577
723	0.294478527607362	0.75	0.2608616054058075
724	0.2962962962962963	0.75	0.2617039680480957
725	0.2981366459627329	0.75	0.2641308605670929
726	0.3	0.75	0.26711374521255493
727	0.29559748427672955	0.734375	0.2686017155647278
728	0.2974683544303797	0.734375	0.2706358730792999
729	0.29936305732484075	0.734375	0.27181828022003174
730	0.3032258064516129	0.734375	0.2744414508342743
731	0.3051948051948052	0.734375	0.27477604150772095
732	0.30718954248366015	0.734375	0.2755122780799866
733	0.3092105263157895	0.734375	0.27645549178123474
734	0.31125827814569534	0.734375	0.27693480253219604
735	0.31333333333333335	0.734375	0.2771412134170532
736	0.31543624161073824	0.734375	0.28108102083206177
737	0.31756756756756754	0.734375	0.2900286316871643
738	0.3129251700680272	0.71875	0.29048359394073486
739	0.3150684931506849	0.71875	0.2912566363811493
740	0.31724137931034485	0.71875	0.2929314970970154
741	0.3194444444444444	0.71875	0.29357150197029114
742	0.32167832167832167	0.71875	0.2942582070827484
743	0.323943661971831	0.71875	0.29719001054763794
744	0.3262411347517731	0.71875	0.29911142587661743
745	0.32857142857142857	0.71875	0.29930880665779114
746	0.33093525179856115	0.71875	0.2998037338256836
747	0.3333333333333333	0.71875	0.3020019829273224
748	0.3382352941176471	0.71875	0.3032170534133911
749	0.34074074074074073	0.71875	0.3032629191875458
750	0.34328358208955223	0.71875	0.3061310648918152
751	0.3383458646616541	0.703125	0.30647578835487366
752	0.3333333333333333	0.6875	0.30746468901634216
753	0.3282442748091603	0.671875	0.3085457980632782
754	0.33076923076923076	0.671875	0.3103165626525879
755	0.3333333333333333	0.671875	0.31039679050445557
756	0.3359375	0.671875	0.3120671212673187
757	0.33858267716535434	0.671875	0.31466200947761536
758	0.3412698412698413	0.671875	0.31675124168395996
759	0.344	0.671875	0.3172626793384552
760	0.3467741935483871	0.671875	0.3180885314941406
761	0.34959349593495936	0.671875	0.3199613094329834
762	0.3524590163934426	0.671875	0.32343217730522156
763	0.35537190082644626	0.671875	0.3256065547466278
764	0.35833333333333334	0.671875	0.32635393738746643
765	0.36134453781512604	0.671875	0.3276948630809784
766	0.3559322033898305	0.65625	0.332034707069397
767	0.358974358974359	0.65625	0.3327411711215973
768	0.3620689655172414	0.65625	0.3348569869995117
769	0.3652173913043478	0.65625	0.3361685276031494
770	0.35964912280701755	0.640625	0.34114256501197815
771	0.36283185840707965	0.640625	0.3417988419532776
772	0.36607142857142855	0.640625	0.35038337111473083
773	0.36936936936936937	0.640625	0.3512605130672455
774	0.37272727272727274	0.640625	0.3534018099308014
775	0.3761467889908257	0.640625	0.3613688051700592
776	0.37962962962962965	0.640625	0.3615533709526062
777	0.37383177570093457	0.625	0.36241650581359863
778	0.36792452830188677	0.609375	0.36324408650398254
779	0.3619047619047619	0.59375	0.3633963465690613
780	0.3557692307692308	0.578125	0.3666006624698639
781	0.3592233009708738	0.578125	0.3679131269454956
782	0.35294117647058826	0.5625	0.36815837025642395
783	0.3564356435643564	0.5625	0.36935150623321533
784	0.36	0.5625	0.3721652030944824
785	0.36363636363636365	0.5625	0.37375080585479736
786	0.3673469387755102	0.5625	0.37515076994895935
787	0.3711340206185567	0.5625	0.3817046880722046
788	0.375	0.5625	0.38383281230926514
789	0.37894736842105264	0.5625	0.3840145468711853
790	0.3829787234042553	0.5625	0.38458728790283203
791	0.3870967741935484	0.5625	0.3863210380077362
792	0.391304347826087	0.5625	0.38707610964775085
793	0.3956043956043956	0.5625	0.3871462345123291
794	0.3888888888888889	0.546875	0.38761037588119507
795	0.39325842696629215	0.546875	0.3954218029975891
796	0.38636363636363635	0.53125	0.39829450845718384
797	0.3793103448275862	0.515625	0.40577784180641174
798	0.38372093023255816	0.515625	0.4067760109901428
799	0.38823529411764707	0.515625	0.4083676338195801
800	0.39285714285714285	0.515625	0.4110911786556244
801	0.3855421686746988	0.5	0.4139004349708557
802	0.3902439024390244	0.5	0.41757071018218994
803	0.4	0.5	0.4177771806716919
804	0.3924050632911392	0.484375	0.4178845286369324
805	0.3974358974358974	0.484375	0.4187909960746765
806	0.4025974025974026	0.484375	0.42014631628990173
807	0.40789473684210525	0.484375	0.4244685769081116
808	0.41333333333333333	0.484375	0.42596617341041565
809	0.40540540540540543	0.46875	0.4263334274291992
810	0.3972602739726027	0.453125	0.42970195412635803
811	0.4027777777777778	0.453125	0.43048202991485596
812	0.39436619718309857	0.4375	0.4320272207260132
813	0.4	0.4375	0.43577590584754944
814	0.4057971014492754	0.4375	0.44135209918022156
815	0.39705882352941174	0.421875	0.4417816400527954
816	0.40298507462686567	0.421875	0.4448036551475525
817	0.4090909090909091	0.421875	0.45225897431373596
818	0.4	0.40625	0.4524773061275482
819	0.40625	0.40625	0.45445749163627625
820	0.4126984126984127	0.40625	0.45966586470603943
821	0.41935483870967744	0.40625	0.4635653495788574
822	0.4098360655737705	0.390625	0.46404749155044556
823	0.4166666666666667	0.390625	0.4646032154560089
824	0.423728813559322	0.390625	0.46590498089790344
825	0.43103448275862066	0.390625	0.46674051880836487
826	0.43859649122807015	0.390625	0.46762922406196594
827	0.44642857142857145	0.390625	0.47754162549972534
828	0.43636363636363634	0.375	0.47922229766845703
829	0.4444444444444444	0.375	0.49921220541000366
830	0.4528301886792453	0.375	0.5008544921875
831	0.46153846153846156	0.375	0.5048413872718811
832	0.45098039215686275	0.359375	0.5231009125709534
833	0.46	0.359375	0.5309131145477295
834	0.46938775510204084	0.359375	0.5376299023628235
835	0.4583333333333333	0.34375	0.549633264541626
836	0.46808510638297873	0.34375	0.5514309406280518
837	0.4782608695652174	0.34375	0.5521049499511719
838	0.4888888888888889	0.34375	0.5534849762916565
839	0.4772727272727273	0.328125	0.5541582107543945
840	0.46511627906976744	0.3125	0.5550296902656555
841	0.4523809523809524	0.296875	0.5552417635917664
842	0.43902439024390244	0.28125	0.5920068621635437
843	0.45	0.28125	0.5923674702644348
844	0.46153846153846156	0.28125	0.5924253463745117
845	0.47368421052631576	0.28125	0.604252278804779
846	0.4864864864864865	0.28125	0.6233948469161987
847	0.5	0.28125	0.6310828328132629
848	0.5142857142857142	0.28125	0.6312516331672668
849	0.5294117647058824	0.28125	0.6378704905509949
850	0.5454545454545454	0.28125	0.6418021321296692
851	0.5625	0.28125	0.6549966931343079
852	0.5806451612903226	0.28125	0.6584253907203674
853	0.6	0.28125	0.6616002321243286
854	0.6206896551724138	0.28125	0.6678258180618286
855	0.6071428571428571	0.265625	0.6977033019065857
856	0.5925925925925926	0.25	0.6992290616035461
857	0.5769230769230769	0.234375	0.7015477418899536
858	0.6	0.234375	0.7021691203117371
859	0.5833333333333334	0.21875	0.7125450968742371
860	0.5652173913043478	0.203125	0.7135983109474182
861	0.5909090909090909	0.203125	0.717612624168396
862	0.5714285714285714	0.1875	0.7343577146530151
863	0.6	0.1875	0.7384337782859802
864	0.5789473684210527	0.171875	0.7413877248764038
865	0.5555555555555556	0.15625	0.7419396042823792
866	0.5882352941176471	0.15625	0.744139552116394
867	0.625	0.15625	0.7588905096054077
868	0.6	0.140625	0.7671595811843872
869	0.5714285714285714	0.125	0.7790358066558838
870	0.6153846153846154	0.125	0.7991098761558533
871	0.5833333333333334	0.109375	0.8451158404350281
872	0.6363636363636364	0.109375	0.8544861078262329
873	0.6	0.09375	0.876235842704773
874	0.6666666666666666	0.09375	0.8807973265647888
875	0.75	0.09375	0.8941255211830139
876	0.8571428571428571	0.09375	0.8942736387252808
877	1.0	0.09375	0.8991283774375916
878	1.0	0.078125	0.9018504619598389
879	1.0	0.0625	0.9298704862594604
880	1.0	0.046875	0.9396674633026123
881	1.0	0.03125	0.941661536693573
882	1.0	0.015625	0.9523525834083557
883	1.0	0.0	
