	precision	recall	threshold
0	0.07191011235955057	1.0	0.08453721553087234
1	0.0719910011248594	1.0	0.0856957882642746
2	0.07207207207207207	1.0	0.08636250346899033
3	0.07215332581736189	1.0	0.0867566391825676
4	0.07223476297968397	1.0	0.08698311448097229
5	0.07231638418079096	1.0	0.08715881407260895
6	0.072480181200453	1.0	0.08732182532548904
7	0.07256235827664399	1.0	0.0874098390340805
8	0.07264472190692395	1.0	0.08767572045326233
9	0.07281001137656427	1.0	0.08794865757226944
10	0.07289293849658314	1.0	0.08835633099079132
11	0.07297605473204105	1.0	0.08857414126396179
12	0.0730593607305936	1.0	0.08904483914375305
13	0.07314285714285715	1.0	0.08937977999448776
14	0.07331042382588775	1.0	0.08955561369657516
15	0.07347876004592423	1.0	0.08974774926900864
16	0.0735632183908046	1.0	0.08983354270458221
17	0.07364787111622555	1.0	0.08994552493095398
18	0.07373271889400922	1.0	0.09008496254682541
19	0.07381776239907728	1.0	0.09032978117465973
20	0.07407407407407407	1.0	0.09049668163061142
21	0.07415990730011587	1.0	0.090559221804142
22	0.07424593967517401	1.0	0.09065909683704376
23	0.0743321718931475	1.0	0.09065937250852585
24	0.07459207459207459	1.0	0.09097731113433838
25	0.07476635514018691	1.0	0.09124162793159485
26	0.07485380116959064	1.0	0.09137280285358429
27	0.07502930832356389	1.0	0.09147564321756363
28	0.07511737089201878	1.0	0.091501884162426
29	0.07520564042303172	1.0	0.09168098866939545
30	0.07529411764705882	1.0	0.09169851988554001
31	0.07547169811320754	1.0	0.09174536168575287
32	0.0757396449704142	1.0	0.0917927548289299
33	0.07582938388625593	1.0	0.09207922965288162
34	0.07591933570581258	1.0	0.09217291325330734
35	0.07609988109393578	1.0	0.09218525886535645
36	0.0761904761904762	1.0	0.09223218262195587
37	0.07628128724672228	1.0	0.09249681234359741
38	0.07637231503579953	1.0	0.09251251071691513
39	0.07646356033452807	1.0	0.09271109849214554
40	0.07664670658682635	1.0	0.09284089505672455
41	0.07673860911270983	1.0	0.0930173322558403
42	0.07683073229291716	1.0	0.09308799356222153
43	0.07692307692307693	1.0	0.09326157718896866
44	0.07701564380264742	1.0	0.09342512488365173
45	0.07710843373493977	1.0	0.0934704840183258
46	0.07720144752714113	1.0	0.09352168440818787
47	0.07729468599033816	1.0	0.09366646409034729
48	0.0773881499395405	1.0	0.09367705136537552
49	0.07776427703523693	1.0	0.09390836954116821
50	0.07785888077858881	1.0	0.0940416008234024
51	0.0779537149817296	1.0	0.09410391002893448
52	0.07814407814407814	1.0	0.09438267350196838
53	0.07823960880195599	1.0	0.0944288969039917
54	0.07833537331701346	1.0	0.0944795161485672
55	0.0784313725490196	1.0	0.09453421831130981
56	0.0785276073619632	1.0	0.09461075067520142
57	0.07862407862407862	1.0	0.09465783834457397
58	0.07872078720787208	1.0	0.09476612508296967
59	0.07881773399014778	1.0	0.09477763622999191
60	0.07901234567901234	1.0	0.09490414708852768
61	0.07911001236093942	1.0	0.09493269771337509
62	0.07920792079207921	1.0	0.09500497579574585
63	0.07930607187112763	1.0	0.09507742524147034
64	0.0794044665012407	1.0	0.09524217247962952
65	0.07950310559006211	1.0	0.0952572226524353
66	0.07960199004975124	1.0	0.09541130065917969
67	0.07970112079701121	1.0	0.09545063227415085
68	0.0798004987531172	1.0	0.0959743857383728
69	0.07990012484394507	1.0	0.09605307877063751
70	0.08	1.0	0.09608026593923569
71	0.08010012515644556	1.0	0.09608069807291031
72	0.08020050125313283	1.0	0.09609062224626541
73	0.08030112923462986	1.0	0.09640751034021378
74	0.08040201005025126	1.0	0.09663016349077225
75	0.08050314465408805	1.0	0.09666197746992111
76	0.08060453400503778	1.0	0.09702993929386139
77	0.08080808080808081	1.0	0.09704522043466568
78	0.08091024020227561	1.0	0.0971805602312088
79	0.08111533586818757	1.0	0.09722861647605896
80	0.08121827411167512	1.0	0.09735613316297531
81	0.08132147395171538	1.0	0.09740925580263138
82	0.08142493638676845	1.0	0.09768117964267731
83	0.08152866242038216	1.0	0.09824238717556
84	0.08163265306122448	1.0	0.09824289381504059
85	0.08173690932311622	1.0	0.09830596297979355
86	0.08184143222506395	1.0	0.09854670614004135
87	0.08194622279129321	1.0	0.0985870435833931
88	0.08205128205128205	1.0	0.09862761944532394
89	0.0821566110397946	1.0	0.09863970428705215
90	0.08226221079691516	1.0	0.09870335459709167
91	0.08236808236808237	1.0	0.09885269403457642
92	0.08247422680412371	1.0	0.09892558306455612
93	0.08258064516129032	1.0	0.09910659492015839
94	0.082687338501292	1.0	0.099223792552948
95	0.08279430789133248	1.0	0.09924954175949097
96	0.08290155440414508	1.0	0.09930842369794846
97	0.08300907911802853	1.0	0.09934419393539429
98	0.08311688311688312	1.0	0.09936480224132538
99	0.08322496749024708	1.0	0.09966423362493515
100	0.08333333333333333	1.0	0.09981389343738556
101	0.08344198174706649	1.0	0.09994492679834366
102	0.0835509138381201	1.0	0.0999808982014656
103	0.08366013071895424	1.0	0.10005929321050644
104	0.08376963350785341	1.0	0.1001923531293869
105	0.08387942332896461	1.0	0.1002788171172142
106	0.08398950131233596	1.0	0.10031110793352127
107	0.08409986859395532	1.0	0.10044364631175995
108	0.08432147562582346	1.0	0.10048264265060425
109	0.08443271767810026	1.0	0.10052308440208435
110	0.0845442536327609	1.0	0.10060176998376846
111	0.08465608465608465	1.0	0.10072643309831619
112	0.0847682119205298	1.0	0.10086558014154434
113	0.08488063660477453	1.0	0.10112370550632477
114	0.0851063829787234	1.0	0.10118721425533295
115	0.085219707057257	1.0	0.1013747900724411
116	0.08533333333333333	1.0	0.10158346593379974
117	0.08544726301735647	1.0	0.10173125565052032
118	0.0855614973262032	1.0	0.101865254342556
119	0.0856760374832664	1.0	0.10188155621290207
120	0.08579088471849866	1.0	0.10206449031829834
121	0.08590604026845637	1.0	0.10210364311933517
122	0.08602150537634409	1.0	0.10215834528207779
123	0.08613728129205922	1.0	0.1022806316614151
124	0.0862533692722372	1.0	0.10260315984487534
125	0.08636977058029689	1.0	0.10260404646396637
126	0.08648648648648649	1.0	0.10261306166648865
127	0.08660351826792964	1.0	0.10290894657373428
128	0.08672086720867209	1.0	0.10295461118221283
129	0.08683853459972862	1.0	0.10301698744297028
130	0.08707482993197278	1.0	0.10336008667945862
131	0.08719346049046321	1.0	0.10348305851221085
132	0.08731241473396999	1.0	0.1035207062959671
133	0.08743169398907104	1.0	0.10353504121303558
134	0.08755129958960328	1.0	0.10360029339790344
135	0.08767123287671233	1.0	0.10377416759729385
136	0.0877914951989026	1.0	0.10378718376159668
137	0.08791208791208792	1.0	0.10440866649150848
138	0.08803301237964237	1.0	0.1044178456068039
139	0.0881542699724518	1.0	0.10452379286289215
140	0.08827586206896551	1.0	0.1047445684671402
141	0.08852005532503458	1.0	0.10479922592639923
142	0.0886426592797784	1.0	0.10503274947404861
143	0.0890125173852573	1.0	0.10503896325826645
144	0.08913649025069638	1.0	0.10514295101165771
145	0.08926080892608089	1.0	0.10517790913581848
146	0.0893854748603352	1.0	0.1052275076508522
147	0.08951048951048951	1.0	0.10558611154556274
148	0.0896358543417367	1.0	0.10574536770582199
149	0.08976157082748948	1.0	0.10594742745161057
150	0.0898876404494382	1.0	0.10597798973321915
151	0.090014064697609	1.0	0.10614573955535889
152	0.09014084507042254	1.0	0.10624343901872635
153	0.09026798307475317	1.0	0.10630607604980469
154	0.0903954802259887	1.0	0.1063300371170044
155	0.09052333804809053	1.0	0.10655954480171204
156	0.0906515580736544	1.0	0.10657371580600739
157	0.09078014184397164	1.0	0.10663264244794846
158	0.09090909090909091	1.0	0.10667333006858826
159	0.09103840682788052	1.0	0.10677438229322433
160	0.09116809116809117	1.0	0.10691090673208237
161	0.0912981455064194	1.0	0.10710873454809189
162	0.09142857142857143	1.0	0.10720422863960266
163	0.09155937052932761	1.0	0.1073211133480072
164	0.09169054441260745	1.0	0.10743293166160583
165	0.09182209469153516	1.0	0.10753047466278076
166	0.09195402298850575	1.0	0.1075349822640419
167	0.0920863309352518	1.0	0.1080734133720398
168	0.09221902017291066	1.0	0.10815396904945374
169	0.09235209235209235	1.0	0.10817255824804306
170	0.09248554913294797	1.0	0.1083141565322876
171	0.0927536231884058	1.0	0.10836794227361679
172	0.09288824383164006	1.0	0.10839182138442993
173	0.09302325581395349	1.0	0.10844238847494125
174	0.09315866084425037	1.0	0.10872601717710495
175	0.09329446064139942	1.0	0.10885287076234818
176	0.09343065693430656	1.0	0.108879454433918
177	0.0935672514619883	1.0	0.1088995710015297
178	0.09370424597364568	1.0	0.10902374982833862
179	0.093841642228739	1.0	0.10905980318784714
180	0.09397944199706314	1.0	0.10909774154424667
181	0.09411764705882353	1.0	0.10935893654823303
182	0.09425625920471281	1.0	0.10959707200527191
183	0.0943952802359882	1.0	0.10971136391162872
184	0.09453471196454949	1.0	0.10974247753620148
185	0.09467455621301775	1.0	0.11019303649663925
186	0.09481481481481481	1.0	0.11026980727910995
187	0.0950965824665676	1.0	0.11051003634929657
188	0.09523809523809523	1.0	0.11053869128227234
189	0.09538002980625931	1.0	0.11067864298820496
190	0.0955223880597015	1.0	0.11082012951374054
191	0.09566517189835576	1.0	0.11087942868471146
192	0.09580838323353294	1.0	0.11090735346078873
193	0.095952023988006	1.0	0.110967718064785
194	0.0960960960960961	1.0	0.11109601706266403
195	0.0962406015037594	1.0	0.11119114607572556
196	0.0963855421686747	1.0	0.11142794042825699
197	0.09653092006033183	1.0	0.1115657389163971
198	0.09667673716012085	1.0	0.1115696057677269
199	0.09682299546142209	1.0	0.11185261607170105
200	0.09711684370257967	1.0	0.11190330237150192
201	0.0972644376899696	1.0	0.11213155090808868
202	0.0974124809741248	1.0	0.11213192343711853
203	0.0975609756097561	1.0	0.11215446144342422
204	0.09770992366412214	1.0	0.1122770830988884
205	0.09785932721712538	1.0	0.11232421547174454
206	0.09800918836140889	1.0	0.11244434118270874
207	0.09831029185867896	1.0	0.1125670000910759
208	0.09846153846153846	1.0	0.1125909760594368
209	0.09861325115562404	1.0	0.11287286132574081
210	0.09876543209876543	1.0	0.11290360987186432
211	0.09891808346213292	1.0	0.11301813274621964
212	0.09907120743034056	1.0	0.11320541054010391
213	0.09922480620155039	1.0	0.11341378837823868
214	0.09937888198757763	1.0	0.11404817551374435
215	0.09968847352024922	1.0	0.1143190786242485
216	0.0998439937597504	1.0	0.1146802231669426
217	0.1	1.0	0.11495641618967056
218	0.10015649452269171	1.0	0.11504890769720078
219	0.10031347962382445	1.0	0.1155441626906395
220	0.10047095761381476	1.0	0.11558155715465546
221	0.10062893081761007	1.0	0.11561061441898346
222	0.10078740157480315	1.0	0.11568135023117065
223	0.10094637223974763	1.0	0.11578573286533356
224	0.10110584518167456	1.0	0.11592710763216019
225	0.10126582278481013	1.0	0.11603304743766785
226	0.10142630744849446	1.0	0.11607515066862106
227	0.10158730158730159	1.0	0.11608263850212097
228	0.10174880763116058	1.0	0.11630627512931824
229	0.10191082802547771	1.0	0.11642090976238251
230	0.10207336523125997	1.0	0.1164383515715599
231	0.10223642172523961	1.0	0.11704445630311966
232	0.1024	1.0	0.11745870858430862
233	0.10256410256410256	1.0	0.11750348657369614
234	0.10272873194221509	1.0	0.11765260249376297
235	0.10289389067524116	1.0	0.11788974702358246
236	0.10305958132045089	1.0	0.11809176951646805
237	0.1032258064516129	1.0	0.11814314872026443
238	0.10339256865912763	1.0	0.11816626787185669
239	0.10355987055016182	1.0	0.11822531372308731
240	0.10372771474878444	1.0	0.11829907447099686
241	0.1038961038961039	1.0	0.11832021921873093
242	0.1040650406504065	1.0	0.11838143318891525
243	0.10423452768729642	1.0	0.11840356141328812
244	0.10440456769983687	1.0	0.11871278285980225
245	0.10457516339869281	1.0	0.11871858686208725
246	0.10491803278688525	1.0	0.11873117089271545
247	0.10509031198686371	1.0	0.11905387043952942
248	0.10526315789473684	1.0	0.11916162073612213
249	0.10543657331136738	1.0	0.1193723976612091
250	0.10561056105610561	1.0	0.11949314177036285
251	0.10578512396694215	1.0	0.11963289976119995
252	0.10596026490066225	1.0	0.11987736821174622
253	0.10613598673300166	1.0	0.11990845948457718
254	0.10631229235880399	1.0	0.12044867873191833
255	0.1064891846921797	1.0	0.1204918920993805
256	0.10666666666666667	1.0	0.12085778266191483
257	0.10684474123539232	1.0	0.1209074854850769
258	0.10702341137123746	1.0	0.12101465463638306
259	0.10720268006700168	1.0	0.12103532999753952
260	0.10738255033557047	1.0	0.12113552540540695
261	0.10756302521008404	1.0	0.12140733748674393
262	0.10774410774410774	1.0	0.121414914727211
263	0.10792580101180438	1.0	0.12149950861930847
264	0.10810810810810811	1.0	0.12155700474977493
265	0.10829103214890017	1.0	0.12160617858171463
266	0.10847457627118644	1.0	0.12167783081531525
267	0.10865874363327674	1.0	0.12173222005367279
268	0.10902896081771721	1.0	0.12176600098609924
269	0.10921501706484642	1.0	0.12186863273382187
270	0.1094017094017094	1.0	0.12223801016807556
271	0.1095890410958904	1.0	0.12252795696258545
272	0.1097770154373928	1.0	0.12262285500764847
273	0.10996563573883161	1.0	0.12269677966833115
274	0.11015490533562823	1.0	0.12278112769126892
275	0.1103448275862069	1.0	0.12327302247285843
276	0.11053540587219343	1.0	0.12330107390880585
277	0.11072664359861592	1.0	0.1233251765370369
278	0.11091854419410745	1.0	0.12337829917669296
279	0.1111111111111111	1.0	0.1235722154378891
280	0.11130434782608696	1.0	0.12380761653184891
281	0.11149825783972125	1.0	0.1238473653793335
282	0.11169284467713787	1.0	0.1240198016166687
283	0.11188811188811189	1.0	0.1241791844367981
284	0.11208406304728546	1.0	0.12427029758691788
285	0.11228070175438597	1.0	0.12458433210849762
286	0.11247803163444639	1.0	0.12472828477621078
287	0.11267605633802817	1.0	0.12487276643514633
288	0.1128747795414462	1.0	0.1249053031206131
289	0.11307420494699646	1.0	0.12495236098766327
290	0.11347517730496454	1.0	0.12502184510231018
291	0.11367673179396093	1.0	0.12549744546413422
292	0.11387900355871886	1.0	0.12566831707954407
293	0.1140819964349376	1.0	0.12572963535785675
294	0.11428571428571428	1.0	0.1257350891828537
295	0.11449016100178891	1.0	0.12584029138088226
296	0.11469534050179211	1.0	0.12602774798870087
297	0.11490125673249552	1.0	0.12609460949897766
298	0.11510791366906475	1.0	0.126154363155365
299	0.11531531531531532	1.0	0.12628109753131866
300	0.11552346570397112	1.0	0.12664757668972015
301	0.11573236889692586	1.0	0.12668170034885406
302	0.11594202898550725	1.0	0.1268438994884491
303	0.1161524500907441	1.0	0.1269426792860031
304	0.11636363636363636	1.0	0.1274995505809784
305	0.11657559198542805	1.0	0.12751251459121704
306	0.11678832116788321	1.0	0.12758736312389374
307	0.1170018281535649	1.0	0.12767699360847473
308	0.11808118081180811	1.0	0.1278252899646759
309	0.11829944547134935	1.0	0.12783105671405792
310	0.11851851851851852	1.0	0.12806525826454163
311	0.11873840445269017	1.0	0.1281704157590866
312	0.11895910780669144	1.0	0.12831264734268188
313	0.1191806331471136	1.0	0.12842562794685364
314	0.11940298507462686	1.0	0.12862707674503326
315	0.11962616822429907	1.0	0.12863118946552277
316	0.1198501872659176	1.0	0.12877459824085236
317	0.1200750469043152	1.0	0.1289079487323761
318	0.12030075187969924	1.0	0.12921465933322906
319	0.12052730696798493	1.0	0.12932553887367249
320	0.12075471698113208	1.0	0.129458487033844
321	0.12098298676748583	1.0	0.1304304301738739
322	0.12121212121212122	1.0	0.130491703748703
323	0.12144212523719165	1.0	0.13074937462806702
324	0.1219047619047619	1.0	0.1308535784482956
325	0.12213740458015267	1.0	0.13091424107551575
326	0.12237093690248566	1.0	0.13124193251132965
327	0.12260536398467432	1.0	0.13127131760120392
328	0.12284069097888675	1.0	0.1314237266778946
329	0.12307692307692308	1.0	0.13146048784255981
330	0.1233140655105973	1.0	0.13155537843704224
331	0.12355212355212356	1.0	0.13156117498874664
332	0.12379110251450677	1.0	0.1315949559211731
333	0.12427184466019417	1.0	0.13192300498485565
334	0.1245136186770428	1.0	0.13199181854724884
335	0.12475633528265107	1.0	0.1320468932390213
336	0.125	1.0	0.13240718841552734
337	0.12524461839530332	1.0	0.13244029879570007
338	0.12549019607843137	1.0	0.13252705335617065
339	0.12573673870333987	1.0	0.13253740966320038
340	0.126232741617357	1.0	0.132590189576149
341	0.12648221343873517	1.0	0.1327986717224121
342	0.12673267326732673	1.0	0.13300451636314392
343	0.12698412698412698	1.0	0.1330074518918991
344	0.1272365805168986	1.0	0.13313056528568268
345	0.12749003984063745	1.0	0.1331554800271988
346	0.1277445109780439	1.0	0.13318516314029694
347	0.128	1.0	0.1334783136844635
348	0.1282565130260521	1.0	0.1334942728281021
349	0.1285140562248996	1.0	0.13405081629753113
350	0.12877263581488935	1.0	0.1340898722410202
351	0.12903225806451613	1.0	0.13411623239517212
352	0.1292929292929293	1.0	0.134839728474617
353	0.12955465587044535	1.0	0.13490450382232666
354	0.12981744421906694	1.0	0.13513770699501038
355	0.13008130081300814	1.0	0.13518892228603363
356	0.12830957230142567	0.984375	0.13520090281963348
357	0.12857142857142856	0.984375	0.13536469638347626
358	0.12883435582822086	0.984375	0.13603752851486206
359	0.1290983606557377	0.984375	0.13636517524719238
360	0.1293634496919918	0.984375	0.13636547327041626
361	0.12962962962962962	0.984375	0.13638661801815033
362	0.13070539419087138	0.984375	0.13656455278396606
363	0.13097713097713098	0.984375	0.1366329789161682
364	0.13125	0.984375	0.13676205277442932
365	0.1315240083507307	0.984375	0.13677895069122314
366	0.13179916317991633	0.984375	0.13727419078350067
367	0.1320754716981132	0.984375	0.13738799095153809
368	0.1323529411764706	0.984375	0.13770683109760284
369	0.13291139240506328	0.984375	0.13813647627830505
370	0.1331923890063425	0.984375	0.13826575875282288
371	0.13347457627118645	0.984375	0.1385556310415268
372	0.1337579617834395	0.984375	0.13891148567199707
373	0.13404255319148936	0.984375	0.13920360803604126
374	0.13432835820895522	0.984375	0.13931085169315338
375	0.1346153846153846	0.984375	0.1393166184425354
376	0.1349036402569593	0.984375	0.13944537937641144
377	0.1351931330472103	0.984375	0.13958454132080078
378	0.13548387096774195	0.984375	0.1396888643503189
379	0.13577586206896552	0.984375	0.13985411822795868
380	0.13606911447084233	0.984375	0.13994598388671875
381	0.13636363636363635	0.984375	0.14002974331378937
382	0.13665943600867678	0.984375	0.14021393656730652
383	0.13695652173913042	0.984375	0.14050954580307007
384	0.13725490196078433	0.984375	0.1405152678489685
385	0.13755458515283842	0.984375	0.14069996774196625
386	0.13785557986870897	0.984375	0.14073579013347626
387	0.13815789473684212	0.984375	0.14100728929042816
388	0.13846153846153847	0.984375	0.14123854041099548
389	0.13876651982378854	0.984375	0.1415194571018219
390	0.1390728476821192	0.984375	0.14169049263000488
391	0.13938053097345132	0.984375	0.1417059600353241
392	0.13968957871396895	0.984375	0.1419336050748825
393	0.14	0.984375	0.14199231564998627
394	0.1403118040089087	0.984375	0.14200368523597717
395	0.140625	0.984375	0.1420152187347412
396	0.14093959731543623	0.984375	0.1420331448316574
397	0.1412556053811659	0.984375	0.14205427467823029
398	0.14157303370786517	0.984375	0.1425551027059555
399	0.14189189189189189	0.984375	0.1425650268793106
400	0.14221218961625282	0.984375	0.14311833679676056
401	0.1425339366515837	0.984375	0.1432293951511383
402	0.14285714285714285	0.984375	0.14324332773685455
403	0.1431818181818182	0.984375	0.14327596127986908
404	0.14350797266514806	0.984375	0.14347189664840698
405	0.14383561643835616	0.984375	0.14353519678115845
406	0.14416475972540047	0.984375	0.14362762868404388
407	0.1444954128440367	0.984375	0.14392627775669098
408	0.14482758620689656	0.984375	0.14403623342514038
409	0.14549653579676675	0.984375	0.144478440284729
410	0.14583333333333334	0.984375	0.14455951750278473
411	0.14617169373549885	0.984375	0.14464378356933594
412	0.14651162790697675	0.984375	0.1446976512670517
413	0.14685314685314685	0.984375	0.14483734965324402
414	0.14719626168224298	0.984375	0.14486700296401978
415	0.14754098360655737	0.984375	0.1449081003665924
416	0.14788732394366197	0.984375	0.14514288306236267
417	0.14823529411764705	0.984375	0.14543689787387848
418	0.14858490566037735	0.984375	0.1455007791519165
419	0.14893617021276595	0.984375	0.14563222229480743
420	0.14928909952606634	0.984375	0.14599354565143585
421	0.1496437054631829	0.984375	0.14613008499145508
422	0.15	0.984375	0.14629121124744415
423	0.15035799522673032	0.984375	0.14633701741695404
424	0.1507177033492823	0.984375	0.14638224244117737
425	0.1510791366906475	0.984375	0.14641185104846954
426	0.15144230769230768	0.984375	0.14673253893852234
427	0.15180722891566265	0.984375	0.14696525037288666
428	0.15217391304347827	0.984375	0.14721108973026276
429	0.15254237288135594	0.984375	0.14723631739616394
430	0.1529126213592233	0.984375	0.1472792774438858
431	0.15328467153284672	0.984375	0.14729386568069458
432	0.15365853658536585	0.984375	0.14732588827610016
433	0.15403422982885084	0.984375	0.14793476462364197
434	0.15441176470588236	0.984375	0.14820438623428345
435	0.1547911547911548	0.984375	0.1483861356973648
436	0.15517241379310345	0.984375	0.1485770046710968
437	0.15555555555555556	0.984375	0.14909808337688446
438	0.15594059405940594	0.984375	0.149286687374115
439	0.15632754342431762	0.984375	0.14941973984241486
440	0.15671641791044777	0.984375	0.14942897856235504
441	0.1571072319201995	0.984375	0.1495703011751175
442	0.1575	0.984375	0.14968334138393402
443	0.15789473684210525	0.984375	0.14990392327308655
444	0.15829145728643215	0.984375	0.15009301900863647
445	0.15869017632241814	0.984375	0.1504146307706833
446	0.1590909090909091	0.984375	0.15045009553432465
447	0.15949367088607594	0.984375	0.15053406357765198
448	0.1598984771573604	0.984375	0.15055212378501892
449	0.16030534351145037	0.984375	0.1506853997707367
450	0.16071428571428573	0.984375	0.15218113362789154
451	0.16112531969309463	0.984375	0.15288729965686798
452	0.16153846153846155	0.984375	0.15367025136947632
453	0.16195372750642673	0.984375	0.1537339687347412
454	0.16237113402061856	0.984375	0.15377768874168396
455	0.16279069767441862	0.984375	0.15381838381290436
456	0.16321243523316062	0.984375	0.15385425090789795
457	0.16363636363636364	0.984375	0.1540817767381668
458	0.1640625	0.984375	0.15424515306949615
459	0.16449086161879894	0.984375	0.1554323434829712
460	0.1649214659685864	0.984375	0.15592654049396515
461	0.16535433070866143	0.984375	0.15594807267189026
462	0.16578947368421051	0.984375	0.1561199128627777
463	0.1662269129287599	0.984375	0.15614543855190277
464	0.16666666666666666	0.984375	0.15641635656356812
465	0.16710875331564987	0.984375	0.15650777518749237
466	0.1675531914893617	0.984375	0.15712344646453857
467	0.168	0.984375	0.15727956593036652
468	0.16844919786096257	0.984375	0.15770915150642395
469	0.16890080428954424	0.984375	0.15777495503425598
470	0.1693548387096774	0.984375	0.15792231261730194
471	0.16981132075471697	0.984375	0.15819673240184784
472	0.17027027027027028	0.984375	0.15838438272476196
473	0.17073170731707318	0.984375	0.15872977674007416
474	0.17166212534059946	0.984375	0.15945902466773987
475	0.1721311475409836	0.984375	0.1595548689365387
476	0.1726027397260274	0.984375	0.15969489514827728
477	0.17307692307692307	0.984375	0.1600455790758133
478	0.17355371900826447	0.984375	0.16005222499370575
479	0.17403314917127072	0.984375	0.16010449826717377
480	0.1745152354570637	0.984375	0.1601438969373703
481	0.175	0.984375	0.1604118049144745
482	0.17548746518105848	0.984375	0.16090337932109833
483	0.17597765363128492	0.984375	0.16095012426376343
484	0.17647058823529413	0.984375	0.16131512820720673
485	0.17696629213483145	0.984375	0.1615365743637085
486	0.17746478873239438	0.984375	0.16241449117660522
487	0.17796610169491525	0.984375	0.16241875290870667
488	0.17847025495750707	0.984375	0.16284659504890442
489	0.17897727272727273	0.984375	0.1634429395198822
490	0.1794871794871795	0.984375	0.16382426023483276
491	0.18	0.984375	0.1638951152563095
492	0.18051575931232092	0.984375	0.16440382599830627
493	0.1810344827586207	0.984375	0.16482429206371307
494	0.18155619596541786	0.984375	0.16516262292861938
495	0.18208092485549132	0.984375	0.16543997824192047
496	0.1826086956521739	0.984375	0.1668003648519516
497	0.18313953488372092	0.984375	0.1674293726682663
498	0.1836734693877551	0.984375	0.16756829619407654
499	0.18421052631578946	0.984375	0.16780978441238403
500	0.18475073313782991	0.984375	0.16809509694576263
501	0.18529411764705883	0.984375	0.1689995676279068
502	0.18584070796460178	0.984375	0.16912338137626648
503	0.1863905325443787	0.984375	0.1692928671836853
504	0.18694362017804153	0.984375	0.1694105565547943
505	0.1875	0.984375	0.1695304960012436
506	0.1880597014925373	0.984375	0.16967974603176117
507	0.18862275449101795	0.984375	0.16978327929973602
508	0.1891891891891892	0.984375	0.17055051028728485
509	0.1897590361445783	0.984375	0.17118173837661743
510	0.1903323262839879	0.984375	0.17129452526569366
511	0.19090909090909092	0.984375	0.17149247229099274
512	0.19148936170212766	0.984375	0.17178405821323395
513	0.19207317073170732	0.984375	0.17188602685928345
514	0.1926605504587156	0.984375	0.17370273172855377
515	0.19325153374233128	0.984375	0.17383688688278198
516	0.19384615384615383	0.984375	0.1739886999130249
517	0.19444444444444445	0.984375	0.1740460842847824
518	0.19504643962848298	0.984375	0.17416386306285858
519	0.1956521739130435	0.984375	0.1747359186410904
520	0.19626168224299065	0.984375	0.17496150732040405
521	0.196875	0.984375	0.1750783771276474
522	0.1974921630094044	0.984375	0.17517903447151184
523	0.19811320754716982	0.984375	0.17538467049598694
524	0.19873817034700317	0.984375	0.17585846781730652
525	0.19936708860759494	0.984375	0.17647160589694977
526	0.2	0.984375	0.1766202300786972
527	0.20063694267515925	0.984375	0.17684656381607056
528	0.2012779552715655	0.984375	0.1769191026687622
529	0.20192307692307693	0.984375	0.17767147719860077
530	0.20257234726688103	0.984375	0.17825038731098175
531	0.2032258064516129	0.984375	0.17829708755016327
532	0.20388349514563106	0.984375	0.17829789221286774
533	0.20454545454545456	0.984375	0.17834347486495972
534	0.20521172638436483	0.984375	0.17838679254055023
535	0.20588235294117646	0.984375	0.17867469787597656
536	0.20655737704918034	0.984375	0.1788688451051712
537	0.20723684210526316	0.984375	0.1790488213300705
538	0.2079207920792079	0.984375	0.1794053018093109
539	0.20860927152317882	0.984375	0.17944057285785675
540	0.20930232558139536	0.984375	0.18043673038482666
541	0.21	0.984375	0.18046022951602936
542	0.21070234113712374	0.984375	0.18087047338485718
543	0.21140939597315436	0.984375	0.1812088042497635
544	0.21212121212121213	0.984375	0.1819002777338028
545	0.21283783783783783	0.984375	0.1822129487991333
546	0.2135593220338983	0.984375	0.1822769045829773
547	0.21428571428571427	0.984375	0.1822787970304489
548	0.2150170648464164	0.984375	0.1826164573431015
549	0.21575342465753425	0.984375	0.1827547699213028
550	0.21649484536082475	0.984375	0.18303485214710236
551	0.21724137931034482	0.984375	0.18305176496505737
552	0.2179930795847751	0.984375	0.18414972722530365
553	0.21875	0.984375	0.18464280664920807
554	0.21951219512195122	0.984375	0.18599997460842133
555	0.2202797202797203	0.984375	0.18950065970420837
556	0.22105263157894736	0.984375	0.19018803536891937
557	0.22183098591549297	0.984375	0.1902233511209488
558	0.2226148409893993	0.984375	0.19191549718379974
559	0.22340425531914893	0.984375	0.1919597089290619
560	0.22419928825622776	0.984375	0.1934746354818344
561	0.225	0.984375	0.19380207359790802
562	0.22580645161290322	0.984375	0.1951642632484436
563	0.22661870503597123	0.984375	0.1965380162000656
564	0.22743682310469315	0.984375	0.19690950214862823
565	0.22826086956521738	0.984375	0.19734637439250946
566	0.2290909090909091	0.984375	0.19749513268470764
567	0.22627737226277372	0.96875	0.19852524995803833
568	0.2271062271062271	0.96875	0.198825865983963
569	0.22794117647058823	0.96875	0.1989673227071762
570	0.22878228782287824	0.96875	0.19978857040405273
571	0.22962962962962963	0.96875	0.20016928017139435
572	0.22676579925650558	0.953125	0.20031163096427917
573	0.22761194029850745	0.953125	0.2009105235338211
574	0.22846441947565543	0.953125	0.20210400223731995
575	0.22932330827067668	0.953125	0.20334044098854065
576	0.23018867924528302	0.953125	0.20337942242622375
577	0.23106060606060605	0.953125	0.20356205105781555
578	0.23193916349809887	0.953125	0.20500913262367249
579	0.23282442748091603	0.953125	0.20511981844902039
580	0.23371647509578544	0.953125	0.2051330953836441
581	0.23461538461538461	0.953125	0.20576240122318268
582	0.23166023166023167	0.9375	0.20630298554897308
583	0.23255813953488372	0.9375	0.20661622285842896
584	0.23346303501945526	0.9375	0.20988629758358002
585	0.234375	0.9375	0.21116062998771667
586	0.23529411764705882	0.9375	0.21128521859645844
587	0.23622047244094488	0.9375	0.2114412784576416
588	0.23715415019762845	0.9375	0.21149317920207977
589	0.23809523809523808	0.9375	0.21152065694332123
590	0.23904382470119523	0.9375	0.21155574917793274
591	0.24	0.9375	0.21327397227287292
592	0.24096385542168675	0.9375	0.21384401619434357
593	0.24193548387096775	0.9375	0.21431714296340942
594	0.242914979757085	0.9375	0.214731365442276
595	0.24390243902439024	0.9375	0.21513818204402924
596	0.24489795918367346	0.9375	0.2152741402387619
597	0.2459016393442623	0.9375	0.21585741639137268
598	0.24691358024691357	0.9375	0.21598193049430847
599	0.24793388429752067	0.9375	0.21674175560474396
600	0.24896265560165975	0.9375	0.21726346015930176
601	0.25	0.9375	0.21778377890586853
602	0.2510460251046025	0.9375	0.21917128562927246
603	0.25210084033613445	0.9375	0.2193552553653717
604	0.25316455696202533	0.9375	0.2195311337709427
605	0.2542372881355932	0.9375	0.22081002593040466
606	0.2553191489361702	0.9375	0.22136007249355316
607	0.25213675213675213	0.921875	0.2219192534685135
608	0.2532188841201717	0.921875	0.22206898033618927
609	0.2543103448275862	0.921875	0.2231384515762329
610	0.2554112554112554	0.921875	0.22450850903987885
611	0.2565217391304348	0.921875	0.22464044392108917
612	0.2576419213973799	0.921875	0.2259601354598999
613	0.25877192982456143	0.921875	0.22696390748023987
614	0.2599118942731278	0.921875	0.22832567989826202
615	0.2610619469026549	0.921875	0.22919362783432007
616	0.26222222222222225	0.921875	0.22970888018608093
617	0.26339285714285715	0.921875	0.23008999228477478
618	0.2645739910313901	0.921875	0.23014721274375916
619	0.26576576576576577	0.921875	0.2331480234861374
620	0.2669683257918552	0.921875	0.23504412174224854
621	0.2681818181818182	0.921875	0.23540917038917542
622	0.2648401826484018	0.90625	0.23564061522483826
623	0.26605504587155965	0.90625	0.23600107431411743
624	0.2672811059907834	0.90625	0.23722036182880402
625	0.26851851851851855	0.90625	0.2372664362192154
626	0.26976744186046514	0.90625	0.23787462711334229
627	0.27102803738317754	0.90625	0.23827530443668365
628	0.2676056338028169	0.890625	0.23842142522335052
629	0.2688679245283019	0.890625	0.23944692313671112
630	0.27014218009478674	0.890625	0.24170511960983276
631	0.2714285714285714	0.890625	0.242670476436615
632	0.2727272727272727	0.890625	0.2441345900297165
633	0.27403846153846156	0.890625	0.24842968583106995
634	0.2753623188405797	0.890625	0.24997729063034058
635	0.2766990291262136	0.890625	0.2501363456249237
636	0.2780487804878049	0.890625	0.25018298625946045
637	0.27941176470588236	0.890625	0.2507253885269165
638	0.28078817733990147	0.890625	0.2507847547531128
639	0.28217821782178215	0.890625	0.25110337138175964
640	0.2835820895522388	0.890625	0.2516036033630371
641	0.285	0.890625	0.2519398331642151
642	0.2864321608040201	0.890625	0.25231778621673584
643	0.2878787878787879	0.890625	0.2526262402534485
644	0.2893401015228426	0.890625	0.25585004687309265
645	0.29081632653061223	0.890625	0.2558511197566986
646	0.2923076923076923	0.890625	0.25809383392333984
647	0.29381443298969073	0.890625	0.25823384523391724
648	0.29533678756476683	0.890625	0.26033949851989746
649	0.296875	0.890625	0.26070237159729004
650	0.29842931937172773	0.890625	0.26095297932624817
651	0.3	0.890625	0.2609812617301941
652	0.30158730158730157	0.890625	0.2612001597881317
653	0.30319148936170215	0.890625	0.26169297099113464
654	0.3048128342245989	0.890625	0.26174017786979675
655	0.3064516129032258	0.890625	0.26186099648475647
656	0.3027027027027027	0.875	0.2619045674800873
657	0.30434782608695654	0.875	0.2619629204273224
658	0.30601092896174864	0.875	0.26247838139533997
659	0.3076923076923077	0.875	0.26277145743370056
660	0.30939226519337015	0.875	0.26355358958244324
661	0.3111111111111111	0.875	0.26533734798431396
662	0.3128491620111732	0.875	0.2653926908969879
663	0.3146067415730337	0.875	0.2653975486755371
664	0.3163841807909605	0.875	0.2657172977924347
665	0.3181818181818182	0.875	0.26577189564704895
666	0.3142857142857143	0.859375	0.2667074501514435
667	0.3160919540229885	0.859375	0.26888176798820496
668	0.3179190751445087	0.859375	0.2693791091442108
669	0.31976744186046513	0.859375	0.27110910415649414
670	0.3216374269005848	0.859375	0.2744896113872528
671	0.3235294117647059	0.859375	0.2755246162414551
672	0.31952662721893493	0.84375	0.2786211669445038
673	0.32142857142857145	0.84375	0.2794213891029358
674	0.32335329341317365	0.84375	0.2811582684516907
675	0.3192771084337349	0.828125	0.2811947464942932
676	0.3212121212121212	0.828125	0.28185972571372986
677	0.3170731707317073	0.8125	0.2831568717956543
678	0.31901840490797545	0.8125	0.28440970182418823
679	0.32098765432098764	0.8125	0.2848186194896698
680	0.32298136645962733	0.8125	0.285002738237381
681	0.325	0.8125	0.2851094901561737
682	0.3270440251572327	0.8125	0.28557634353637695
683	0.3227848101265823	0.796875	0.2856188416481018
684	0.3248407643312102	0.796875	0.2882125973701477
685	0.32051282051282054	0.78125	0.2883473038673401
686	0.3225806451612903	0.78125	0.2884216010570526
687	0.3181818181818182	0.765625	0.2897844910621643
688	0.3202614379084967	0.765625	0.29002001881599426
689	0.32450331125827814	0.765625	0.2914525866508484
690	0.32666666666666666	0.765625	0.29356369376182556
691	0.3288590604026846	0.765625	0.2950748801231384
692	0.3310810810810811	0.765625	0.2970772087574005
693	0.3333333333333333	0.765625	0.2972812056541443
694	0.3287671232876712	0.75	0.2975076138973236
695	0.3310344827586207	0.75	0.2989301085472107
696	0.3333333333333333	0.75	0.2998844385147095
697	0.32867132867132864	0.734375	0.3003024458885193
698	0.33098591549295775	0.734375	0.3009759187698364
699	0.3262411347517731	0.71875	0.301130473613739
700	0.32857142857142857	0.71875	0.30287104845046997
701	0.33093525179856115	0.71875	0.3037869334220886
702	0.32608695652173914	0.703125	0.30474889278411865
703	0.3284671532846715	0.703125	0.30550417304039
704	0.3333333333333333	0.703125	0.307920902967453
705	0.3383458646616541	0.703125	0.30828607082366943
706	0.3409090909090909	0.703125	0.30910760164260864
707	0.3435114503816794	0.703125	0.3099744915962219
708	0.3384615384615385	0.6875	0.3109937608242035
709	0.34108527131782945	0.6875	0.31218627095222473
710	0.34375	0.6875	0.31371593475341797
711	0.3464566929133858	0.6875	0.3140987753868103
712	0.3492063492063492	0.6875	0.31531521677970886
713	0.352	0.6875	0.31707963347435
714	0.3548387096774194	0.6875	0.3184245824813843
715	0.35772357723577236	0.6875	0.31894731521606445
716	0.36065573770491804	0.6875	0.31922462582588196
717	0.36363636363636365	0.6875	0.3192506730556488
718	0.36666666666666664	0.6875	0.3204137980937958
719	0.36134453781512604	0.671875	0.32553213834762573
720	0.3644067796610169	0.671875	0.3279367983341217
721	0.36752136752136755	0.671875	0.32862359285354614
722	0.3706896551724138	0.671875	0.32885226607322693
723	0.3739130434782609	0.671875	0.3289879262447357
724	0.37719298245614036	0.671875	0.3311905562877655
725	0.3805309734513274	0.671875	0.33153218030929565
726	0.38738738738738737	0.671875	0.33190280199050903
727	0.38181818181818183	0.65625	0.33388516306877136
728	0.3761467889908257	0.640625	0.33795997500419617
729	0.37037037037037035	0.625	0.3388556241989136
730	0.37383177570093457	0.625	0.33910617232322693
731	0.37735849056603776	0.625	0.3391273319721222
732	0.37142857142857144	0.609375	0.3430071175098419
733	0.375	0.609375	0.34844911098480225
734	0.3786407766990291	0.609375	0.35045015811920166
735	0.38235294117647056	0.609375	0.35159122943878174
736	0.38613861386138615	0.609375	0.3522880971431732
737	0.39	0.609375	0.3529715836048126
738	0.3939393939393939	0.609375	0.35595840215682983
739	0.3979591836734694	0.609375	0.3562934100627899
740	0.4020618556701031	0.609375	0.3569924235343933
741	0.40625	0.609375	0.3570193350315094
742	0.4	0.59375	0.3572235107421875
743	0.39361702127659576	0.578125	0.36106008291244507
744	0.3870967741935484	0.5625	0.362856388092041
745	0.391304347826087	0.5625	0.36350923776626587
746	0.38461538461538464	0.546875	0.36585238575935364
747	0.3888888888888889	0.546875	0.3667244613170624
748	0.38202247191011235	0.53125	0.37139979004859924
749	0.38636363636363635	0.53125	0.37311476469039917
750	0.39080459770114945	0.53125	0.3732500970363617
751	0.3953488372093023	0.53125	0.3743076026439667
752	0.4	0.53125	0.3749696612358093
753	0.40476190476190477	0.53125	0.3757416605949402
754	0.39759036144578314	0.515625	0.38083186745643616
755	0.4024390243902439	0.515625	0.3827197551727295
756	0.4074074074074074	0.515625	0.39019152522087097
757	0.4125	0.515625	0.39532285928726196
758	0.4050632911392405	0.5	0.39561566710472107
759	0.3974358974358974	0.484375	0.39655229449272156
760	0.4025974025974026	0.484375	0.3968624174594879
761	0.39473684210526316	0.46875	0.3971197307109833
762	0.4	0.46875	0.3975028395652771
763	0.40540540540540543	0.46875	0.3982073664665222
764	0.410958904109589	0.46875	0.40912020206451416
765	0.4166666666666667	0.46875	0.41325852274894714
766	0.4225352112676056	0.46875	0.4159288704395294
767	0.43478260869565216	0.46875	0.4172065556049347
768	0.4411764705882353	0.46875	0.41754236817359924
769	0.44776119402985076	0.46875	0.41827428340911865
770	0.45454545454545453	0.46875	0.41948091983795166
771	0.46153846153846156	0.46875	0.4200972616672516
772	0.453125	0.453125	0.4225984215736389
773	0.4603174603174603	0.453125	0.4237336218357086
774	0.45161290322580644	0.4375	0.4315769672393799
775	0.4426229508196721	0.421875	0.4498484432697296
776	0.45	0.421875	0.4502032399177551
777	0.4576271186440678	0.421875	0.45333006978034973
778	0.46551724137931033	0.421875	0.4550228714942932
779	0.47368421052631576	0.421875	0.46157771348953247
780	0.48214285714285715	0.421875	0.46321409940719604
781	0.4909090909090909	0.421875	0.4676029086112976
782	0.48148148148148145	0.40625	0.4677720069885254
783	0.49056603773584906	0.40625	0.4739750623703003
784	0.4807692307692308	0.390625	0.47465842962265015
785	0.47058823529411764	0.375	0.485251784324646
786	0.46	0.359375	0.48920735716819763
787	0.46938775510204084	0.359375	0.49049806594848633
788	0.4791666666666667	0.359375	0.492496132850647
789	0.48936170212765956	0.359375	0.4952029287815094
790	0.5	0.359375	0.5041599869728088
791	0.5111111111111111	0.359375	0.5044538974761963
792	0.5227272727272727	0.359375	0.5088226199150085
793	0.5116279069767442	0.34375	0.5116108655929565
794	0.5238095238095238	0.34375	0.5197771787643433
795	0.5121951219512195	0.328125	0.5212082862854004
796	0.525	0.328125	0.521750807762146
797	0.5384615384615384	0.328125	0.522266685962677
798	0.5526315789473685	0.328125	0.5241459012031555
799	0.5405405405405406	0.3125	0.5254944562911987
800	0.5555555555555556	0.3125	0.5313540697097778
801	0.5714285714285714	0.3125	0.5328749418258667
802	0.5882352941176471	0.3125	0.5328913331031799
803	0.5757575757575758	0.296875	0.534637451171875
804	0.5625	0.28125	0.5349023938179016
805	0.5806451612903226	0.28125	0.5367521643638611
806	0.6	0.28125	0.5475114583969116
807	0.5862068965517241	0.265625	0.547787606716156
808	0.5714285714285714	0.25	0.5493024587631226
809	0.5925925925925926	0.25	0.5497387647628784
810	0.5769230769230769	0.234375	0.5562745332717896
811	0.6	0.234375	0.5592327117919922
812	0.625	0.234375	0.5682166218757629
813	0.6521739130434783	0.234375	0.5765041708946228
814	0.6363636363636364	0.21875	0.5782605409622192
815	0.6190476190476191	0.203125	0.5853810906410217
816	0.6	0.1875	0.5904496908187866
817	0.5789473684210527	0.171875	0.6016901731491089
818	0.6111111111111112	0.171875	0.6023930907249451
819	0.5882352941176471	0.15625	0.6120600700378418
820	0.625	0.15625	0.6151730418205261
821	0.6	0.140625	0.6179148554801941
822	0.5714285714285714	0.125	0.6454951167106628
823	0.6153846153846154	0.125	0.7100037932395935
824	0.6666666666666666	0.125	0.7169880867004395
825	0.6363636363636364	0.109375	0.7220298051834106
826	0.7	0.109375	0.729278028011322
827	0.6666666666666666	0.09375	0.7669155597686768
828	0.75	0.09375	0.8104112148284912
829	0.7142857142857143	0.078125	0.8113033175468445
830	0.8333333333333334	0.078125	0.813094973564148
831	0.8	0.0625	0.8244081139564514
832	0.75	0.046875	0.825115442276001
833	0.6666666666666666	0.03125	0.8388583064079285
834	1.0	0.03125	0.8398630023002625
835	1.0	0.015625	0.8400349020957947
836	1.0	0.0	
