	precision	recall	thresholds
0	0.018013100436681223	1.0	0.20587050914764404
1	0.0334714695569015	0.7954545454545454	0.2059091478586197
2	0.03358925143953935	0.7954545454545454	0.20654267072677612
3	0.033751205400192864	0.7954545454545454	0.20784011483192444
4	0.033827319587628864	0.7954545454545454	0.20789994299411774
5	0.0346218487394958	0.7803030303030303	0.2079843282699585
6	0.03878326996197719	0.7727272727272727	0.20810765027999878
7	0.03926096997690531	0.7727272727272727	0.20832960307598114
8	0.03935185185185185	0.7727272727272727	0.2085769772529602
9	0.03936703975299112	0.7727272727272727	0.20866158604621887
10	0.03948896631823461	0.7727272727272727	0.20868100225925446
11	0.040031397174254316	0.7727272727272727	0.20871208608150482
12	0.04025256511444357	0.7727272727272727	0.20882202684879303
13	0.040268456375838924	0.7727272727272727	0.20900247991085052
14	0.04175365344467641	0.7575757575757576	0.209041565656662
15	0.04184100418410042	0.7575757575757576	0.20909081399440765
16	0.041666666666666664	0.75	0.20964762568473816
17	0.04234388366124893	0.75	0.20966143906116486
18	0.043345008756567424	0.75	0.2096821516752243
19	0.04340201665935993	0.75	0.20968656241893768
20	0.043478260869565216	0.75	0.20988382399082184
21	0.04355477342718874	0.75	0.21002909541130066
22	0.04363155575143235	0.75	0.21009299159049988
23	0.04372791519434629	0.75	0.21015328168869019
24	0.043824701195219126	0.75	0.21023835241794586
25	0.04384410983170948	0.75	0.21046198904514313
26	0.043882978723404256	0.75	0.21050260961055756
27	0.04392649036306589	0.7424242424242424	0.2106197327375412
28	0.043965903992821895	0.7424242424242424	0.21073077619075775
29	0.04400538841490795	0.7424242424242424	0.21083053946495056
30	0.046161092793217146	0.7424242424242424	0.2109718918800354
31	0.0462046204620462	0.7424242424242424	0.21105457842350006
32	0.046357615894039736	0.7424242424242424	0.2111685425043106
33	0.045933014354066985	0.7272727272727273	0.21128138899803162
34	0.04595500239348971	0.7272727272727273	0.2112952619791031
35	0.04597701149425287	0.7272727272727273	0.21135365962982178
36	0.0460431654676259	0.7272727272727273	0.2116437554359436
37	0.046087373979836775	0.7272727272727273	0.21165767312049866
38	0.046153846153846156	0.7272727272727273	0.21170441806316376
39	0.046242774566473986	0.7272727272727273	0.21182912588119507
40	0.04635441815548044	0.7272727272727273	0.21191488206386566
41	0.0465341735336888	0.7272727272727273	0.21192879974842072
42	0.046341463414634146	0.7196969696969697	0.2120974361896515
43	0.04636408003904344	0.7196969696969697	0.21215292811393738
44	0.04643206256109482	0.7196969696969697	0.21226629614830017
45	0.04659146640510054	0.7196969696969697	0.2122802436351776
46	0.04684418145956608	0.7196969696969697	0.21250750124454498
47	0.04707631318136769	0.7196969696969697	0.21265125274658203
48	0.0472636815920398	0.7196969696969697	0.2126908302307129
49	0.04728720756595321	0.7196969696969697	0.21277658641338348
50	0.04731075697211155	0.7196969696969697	0.21289575099945068
51	0.04742885671492761	0.7196969696969697	0.21293944120407104
52	0.047476261869065464	0.7196969696969697	0.21298165619373322
53	0.04778672032193159	0.7196969696969697	0.21305914223194122
54	0.04781077000503271	0.7196969696969697	0.21306048333644867
55	0.04783484390735146	0.7196969696969697	0.21307310461997986
56	0.04785894206549118	0.7196969696969697	0.2131071239709854
57	0.04788306451612903	0.7196969696969697	0.21318233013153076
58	0.04837067209775967	0.7196969696969697	0.2133028507232666
59	0.048395313295975545	0.7196969696969697	0.21333877742290497
60	0.049044914816726896	0.7196969696969697	0.2133498638868332
61	0.0490702479338843	0.7196969696969697	0.21336957812309265
62	0.04912099276111686	0.7196969696969697	0.21342699229717255
63	0.04914640455250905	0.7196969696969697	0.21352408826351166
64	0.04917184265010352	0.7196969696969697	0.213565394282341
65	0.04919730709476955	0.7196969696969697	0.21356931328773499
66	0.04932502596053998	0.7196969696969697	0.2137199491262436
67	0.04929208180388044	0.7121212121212122	0.21380451321601868
68	0.04931794333683106	0.7121212121212122	0.21382391452789307
69	0.04936974789915966	0.7121212121212122	0.21391494572162628
70	0.04939569101418812	0.7121212121212122	0.21392673254013062
71	0.049473684210526316	0.7121212121212122	0.2139289528131485
72	0.049578059071729956	0.7121212121212122	0.21394073963165283
73	0.049604221635883905	0.7121212121212122	0.21395444869995117
74	0.04963041182682154	0.7121212121212122	0.21400313079357147
75	0.049893842887473464	0.7121212121212122	0.21401764452457428
76	0.04994686503719448	0.7121212121212122	0.2140318602323532
77	0.05	0.7121212121212122	0.21410752832889557
78	0.05005324813631523	0.7121212121212122	0.2143593579530716
79	0.0500799147575919	0.7121212121212122	0.2144750952720642
80	0.05073649754500818	0.7045454545454546	0.21452346444129944
81	0.05076419213973799	0.7045454545454546	0.21452581882476807
82	0.05079191698525396	0.7045454545454546	0.21456821262836456
83	0.05081967213114754	0.7045454545454546	0.21458467841148376
84	0.05084745762711865	0.7045454545454546	0.21460409462451935
85	0.05090311986863711	0.7045454545454546	0.21460627019405365
86	0.05093099671412924	0.7045454545454546	0.21462030708789825
87	0.05098684210526316	0.7045454545454546	0.21467408537864685
88	0.051070840197693576	0.7045454545454546	0.21468810737133026
89	0.05112699285321605	0.7045454545454546	0.21473751962184906
90	0.0512396694214876	0.7045454545454546	0.21478386223316193
91	0.051267916207276734	0.7045454545454546	0.21491441130638123
92	0.05129619415333701	0.7045454545454546	0.21498684585094452
93	0.05132450331125828	0.7045454545454546	0.21501003205776215
94	0.05135284373274434	0.7045454545454546	0.21516771614551544
95	0.05143805309734513	0.7045454545454546	0.21518856287002563
96	0.05149501661129568	0.7045454545454546	0.21533939242362976
97	0.05172413793103448	0.7045454545454546	0.21536579728126526
98	0.051868377021751254	0.7045454545454546	0.21536730229854584
99	0.05189732142857143	0.7045454545454546	0.2154218554496765
100	0.051926298157453935	0.7045454545454546	0.21552801132202148
101	0.052364864864864864	0.7045454545454546	0.21564939618110657
102	0.0523943661971831	0.7045454545454546	0.21585293114185333
103	0.05245346869712352	0.7045454545454546	0.21586282551288605
104	0.05248306997742664	0.7045454545454546	0.21586737036705017
105	0.05251270468661773	0.7045454545454546	0.2158924639225006
106	0.05254237288135593	0.7045454545454546	0.2159104198217392
107	0.05260180995475113	0.7045454545454546	0.215956911444664
108	0.05263157894736842	0.7045454545454546	0.21603406965732574
109	0.05266138165345413	0.7045454545454546	0.21617774665355682
110	0.05239179954441914	0.696969696969697	0.21621569991111755
111	0.05242165242165242	0.696969696969697	0.21622981131076813
112	0.052481460353679406	0.696969696969697	0.21626821160316467
113	0.05251141552511415	0.696969696969697	0.21635040640830994
114	0.052541404911479156	0.696969696969697	0.21638734638690948
115	0.052601486563750716	0.696969696969697	0.21645624935626984
116	0.05263157894736842	0.696969696969697	0.21655339002609253
117	0.05266170578133944	0.696969696969697	0.21655870974063873
118	0.05272206303724929	0.696969696969697	0.2165842056274414
119	0.052752293577981654	0.696969696969697	0.21659834682941437
120	0.052782558806655194	0.696969696969697	0.21660837531089783
121	0.05281285878300804	0.696969696969697	0.21693871915340424
122	0.053117782909930716	0.696969696969697	0.21700887382030487
123	0.05324074074074074	0.696969696969697	0.2170913964509964
124	0.05327156919513607	0.696969696969697	0.21711057424545288
125	0.05330243337195829	0.696969696969697	0.21713462471961975
126	0.05333333333333334	0.696969696969697	0.21715137362480164
127	0.05336426914153132	0.696969696969697	0.21722960472106934
128	0.053426248548199766	0.696969696969697	0.21736249327659607
129	0.05753595997498437	0.696969696969697	0.21744148433208466
130	0.057571964956195244	0.696969696969697	0.2174636870622635
131	0.057608015028177834	0.696969696969697	0.21747559309005737
132	0.05764411027568922	0.696969696969697	0.21747787296772003
133	0.05768025078369906	0.696969696969697	0.21756471693515778
134	0.05771643663739021	0.696969696969697	0.21758362650871277
135	0.05775266792215945	0.696969696969697	0.21762655675411224
136	0.05782526712759271	0.696969696969697	0.21767783164978027
137	0.0578980490874764	0.696969696969697	0.21768324077129364
138	0.057971014492753624	0.696969696969697	0.2176838219165802
139	0.058007566204287514	0.696969696969697	0.21769636869430542
140	0.05815423514538559	0.696969696969697	0.21770207583904266
141	0.058673469387755105	0.696969696969697	0.21770696341991425
142	0.058710912571793235	0.696969696969697	0.21772117912769318
143	0.05886116442738324	0.696969696969697	0.21772997081279755
144	0.059895833333333336	0.696969696969697	0.21784131228923798
145	0.06009144350097975	0.696969696969697	0.21788056194782257
146	0.06013071895424837	0.696969696969697	0.21795208752155304
147	0.060170045781556575	0.696969696969697	0.21796737611293793
148	0.060209424083769635	0.696969696969697	0.21804112195968628
149	0.06024885396201703	0.696969696969697	0.21807588636875153
150	0.06028833551769332	0.696969696969697	0.21809275448322296
151	0.06032786885245902	0.696969696969697	0.21831370890140533
152	0.06036745406824147	0.696969696969697	0.21846620738506317
153	0.06044678055190539	0.696969696969697	0.21851128339767456
154	0.060526315789473685	0.696969696969697	0.21852822601795197
155	0.06056616194865043	0.696969696969697	0.21865978837013245
156	0.06060606060606061	0.696969696969697	0.21868371963500977
157	0.06064601186552406	0.696969696969697	0.2187270224094391
158	0.06068601583113457	0.696969696969697	0.21874813735485077
159	0.06084656084656084	0.696969696969697	0.21876707673072815
160	0.06088682991396426	0.696969696969697	0.21878734230995178
161	0.060927152317880796	0.696969696969697	0.21881109476089478
162	0.06096752816434725	0.696969696969697	0.21886228024959564
163	0.06104844061048441	0.696969696969697	0.21892273426055908
164	0.06108897742363878	0.696969696969697	0.2189270406961441
165	0.06121091151031271	0.696969696969697	0.21895025670528412
166	0.06125166444740346	0.696969696969697	0.21898221969604492
167	0.06153846153846154	0.696969696969697	0.2190948724746704
168	0.061620897521768254	0.696969696969697	0.21924732625484467
169	0.06170355466130114	0.696969696969697	0.21936282515525818
170	0.06174496644295302	0.696969696969697	0.21937961876392365
171	0.06178643384822028	0.696969696969697	0.2194739133119583
172	0.06186953597848016	0.696969696969697	0.21952390670776367
173	0.06191117092866756	0.696969696969697	0.2196899801492691
174	0.06203641267700607	0.696969696969697	0.21974782645702362
175	0.0620782726045884	0.696969696969697	0.2198101133108139
176	0.062120189061444966	0.696969696969697	0.21989375352859497
177	0.062162162162162166	0.696969696969697	0.21992084383964539
178	0.06220419202163624	0.696969696969697	0.2201007604598999
179	0.06233062330623306	0.696969696969697	0.220115065574646
180	0.06254248810333107	0.696969696969697	0.22014136612415314
181	0.06258503401360545	0.696969696969697	0.22019486129283905
182	0.06262763784887679	0.696969696969697	0.22020626068115234
183	0.06267029972752043	0.696969696969697	0.2202593982219696
184	0.06279863481228669	0.696969696969697	0.2202633023262024
185	0.06284153005464481	0.696969696969697	0.22031712532043457
186	0.06288448393711552	0.696969696969697	0.22038282454013824
187	0.06292749658002736	0.696969696969697	0.22052480280399323
188	0.06301369863013699	0.696969696969697	0.2205391228199005
189	0.06318681318681318	0.696969696969697	0.22056825459003448
190	0.06323024054982818	0.696969696969697	0.2205968201160431
191	0.06327372764786796	0.696969696969697	0.2206207513809204
192	0.06331727460426703	0.696969696969697	0.22065608203411102
193	0.06340454858718125	0.696969696969697	0.22072774171829224
194	0.06344827586206897	0.696969696969697	0.22084759175777435
195	0.06280193236714976	0.6893939393939394	0.22086918354034424
196	0.06284530386740332	0.6893939393939394	0.22097362577915192
197	0.06288873531444368	0.6893939393939394	0.2209879755973816
198	0.06293222683264177	0.6893939393939394	0.22104932367801666
199	0.06301939058171745	0.6893939393939394	0.22108982503414154
200	0.06310679611650485	0.6893939393939394	0.22111989557743073
201	0.06315058986814712	0.6893939393939394	0.2211257815361023
202	0.06319444444444444	0.6893939393939394	0.22121137380599976
203	0.06323835997220292	0.6893939393939394	0.2216039001941681
204	0.06328233657858136	0.6893939393939394	0.2217070460319519
205	0.06422018348623854	0.6893939393939394	0.2217089980840683
206	0.06435643564356436	0.6893939393939394	0.22172001004219055
207	0.06440198159943383	0.6893939393939394	0.22181756794452667
208	0.06449326718639263	0.6893939393939394	0.22184544801712036
209	0.06453900709219858	0.6893939393939394	0.22186797857284546
210	0.06458481192334989	0.6893939393939394	0.22193968296051025
211	0.06463068181818182	0.6893939393939394	0.2220134139060974
212	0.06467661691542288	0.6893939393939394	0.22204947471618652
213	0.06472261735419631	0.6893939393939394	0.22218813002109528
214	0.06476868327402135	0.6893939393939394	0.22221516072750092
215	0.06481481481481481	0.6893939393939394	0.22222325205802917
216	0.06490727532097004	0.6893939393939394	0.2222452312707901
217	0.0649536045681656	0.6893939393939394	0.222294420003891
218	0.06509298998569385	0.6893939393939394	0.2222973108291626
219	0.0651862464183381	0.6893939393939394	0.2223615199327469
220	0.06523297491039426	0.6893939393939394	0.22244921326637268
221	0.06527977044476327	0.6893939393939394	0.22250062227249146
222	0.06546762589928058	0.6893939393939394	0.2225218266248703
223	0.06565656565656566	0.6893939393939394	0.22257103025913239
224	0.06570397111913358	0.6893939393939394	0.22258728742599487
225	0.0657514450867052	0.6893939393939394	0.222661092877388
226	0.0658465991316932	0.6893939393939394	0.2227495163679123
227	0.06589427950760318	0.6893939393939394	0.22282762825489044
228	0.06594202898550725	0.6893939393939394	0.22287647426128387
229	0.06608569353667393	0.6893939393939394	0.2228909283876419
230	0.06622998544395925	0.6893939393939394	0.2229221612215042
231	0.06637490882567469	0.6893939393939394	0.22306539118289948
232	0.0664718772826881	0.6893939393939394	0.2232574075460434
233	0.06652046783625731	0.6893939393939394	0.22326458990573883
234	0.06656912948061448	0.6893939393939394	0.22334693372249603
235	0.06666666666666667	0.6893939393939394	0.22340530157089233
236	0.06676449009537784	0.6893939393939394	0.2234790325164795
237	0.06681350954478708	0.6893939393939394	0.22352293133735657
238	0.0668626010286554	0.6893939393939394	0.22356657683849335
239	0.06691176470588235	0.6893939393939394	0.22356829047203064
240	0.06696100073583518	0.6893939393939394	0.22358278930187225
241	0.06710914454277286	0.6893939393939394	0.22370819747447968
242	0.06715867158671587	0.6893939393939394	0.22371071577072144
243	0.0672082717872969	0.6893939393939394	0.22373759746551514
244	0.0672579453067258	0.6893939393939394	0.22374069690704346
245	0.0673076923076923	0.6893939393939394	0.2237556427717209
246	0.06745737583395107	0.6893939393939394	0.22380225360393524
247	0.06775874906924795	0.6893939393939394	0.22387488186359406
248	0.06780923994038748	0.6893939393939394	0.22388964891433716
249	0.06785980611483967	0.6893939393939394	0.2239108383655548
250	0.06791044776119402	0.6893939393939394	0.22393105924129486
251	0.06796116504854369	0.6893939393939394	0.22393454611301422
252	0.06806282722513089	0.6893939393939394	0.223934605717659
253	0.06816479400749063	0.6893939393939394	0.22393761575222015
254	0.06867924528301887	0.6893939393939394	0.22405306994915009
255	0.06873111782477341	0.6893939393939394	0.2241128534078598
256	0.06878306878306878	0.6893939393939394	0.224247008562088
257	0.06883509833585477	0.6893939393939394	0.22426535189151764
258	0.06888720666161999	0.6893939393939394	0.2242685705423355
259	0.06893939393939394	0.6893939393939394	0.22431007027626038
260	0.06899166034874905	0.6893939393939394	0.2243449091911316
261	0.06904400606980274	0.6893939393939394	0.22438696026802063
262	0.06909643128321943	0.6893939393939394	0.22443194687366486
263	0.06914893617021277	0.6893939393939394	0.2244386374950409
264	0.07010785824345146	0.6893939393939394	0.2244798243045807
265	0.07016191210485737	0.6893939393939394	0.22453942894935608
266	0.07021604938271606	0.6893939393939394	0.22462384402751923
267	0.07027027027027027	0.6893939393939394	0.22465209662914276
268	0.07076205287713841	0.6893939393939394	0.2247387170791626
269	0.07081712062256809	0.6893939393939394	0.22483737766742706
270	0.07092751363990647	0.6893939393939394	0.22501365840435028
271	0.07120500782472614	0.6893939393939394	0.22503827512264252
272	0.07126076742364917	0.6893939393939394	0.22512950003147125
273	0.0713166144200627	0.6893939393939394	0.22518737614154816
274	0.07142857142857142	0.6893939393939394	0.22519680857658386
275	0.07148468185388845	0.6893939393939394	0.2252075970172882
276	0.07154088050314465	0.6893939393939394	0.22529347240924835
277	0.07159716758457907	0.6893939393939394	0.22536911070346832
278	0.07165354330708662	0.6893939393939394	0.225440114736557
279	0.07171000788022065	0.6893939393939394	0.2254776954650879
280	0.07176656151419558	0.6893939393939394	0.22549451887607574
281	0.07205067300079177	0.6893939393939394	0.22549785673618317
282	0.07210776545166403	0.6893939393939394	0.22552648186683655
283	0.07216494845360824	0.6893939393939394	0.2256164699792862
284	0.07222222222222222	0.6893939393939394	0.2257005125284195
285	0.07227958697378872	0.6893939393939394	0.22571836411952972
286	0.07239459029435164	0.6893939393939394	0.22573181986808777
287	0.07245222929936306	0.6893939393939394	0.22574976086616516
288	0.07250996015936255	0.6893939393939394	0.2258811742067337
289	0.07256778309409888	0.6893939393939394	0.22589565813541412
290	0.07262569832402235	0.6893939393939394	0.22590495645999908
291	0.07268370607028754	0.6893939393939394	0.22600793838500977
292	0.07274180655475619	0.6893939393939394	0.2260913848876953
293	0.07285828662930344	0.6893939393939394	0.22614343464374542
294	0.07291666666666667	0.6893939393939394	0.2262197881937027
295	0.07297514033680834	0.6893939393939394	0.22623524069786072
296	0.07303370786516854	0.6893939393939394	0.22623765468597412
297	0.07309236947791165	0.6893939393939394	0.2263493835926056
298	0.07315112540192927	0.6893939393939394	0.22657842934131622
299	0.07240547063555913	0.6818181818181818	0.22661492228507996
300	0.072522159548751	0.6818181818181818	0.22678974270820618
301	0.07258064516129033	0.6818181818181818	0.22683924436569214
302	0.07263922518159806	0.6818181818181818	0.2268780767917633
303	0.07269789983844911	0.6818181818181818	0.2269119918346405
304	0.07275666936135812	0.6818181818181818	0.22695423662662506
305	0.07281553398058252	0.6818181818181818	0.22700488567352295
306	0.07293354943273905	0.6818181818181818	0.22709673643112183
307	0.072992700729927	0.6818181818181818	0.2271290272474289
308	0.07317073170731707	0.6818181818181818	0.2271810621023178
309	0.0732899022801303	0.6818181818181818	0.22720134258270264
310	0.07334963325183375	0.6818181818181818	0.2272062599658966
311	0.07259380097879282	0.6742424242424242	0.2272205650806427
312	0.0727124183006536	0.6742424242424242	0.2272627055644989
313	0.07283142389525368	0.6742424242424242	0.22730152308940887
314	0.0728910728910729	0.6742424242424242	0.22733071446418762
315	0.07295081967213114	0.6742424242424242	0.22737577557563782
316	0.07301066447908121	0.6742424242424242	0.22747182846069336
317	0.07307060755336617	0.6742424242424242	0.2274983823299408
318	0.07313064913722268	0.6742424242424242	0.22753679752349854
319	0.07319078947368421	0.6742424242424242	0.22772324085235596
320	0.07325102880658436	0.6742424242424242	0.22776532173156738
321	0.07337180544105523	0.6742424242424242	0.2277730405330658
322	0.07343234323432343	0.6742424242424242	0.22778768837451935
323	0.0726672171758877	0.6666666666666666	0.22780866920948029
324	0.07272727272727272	0.6666666666666666	0.22787654399871826
325	0.07278742762613731	0.6666666666666666	0.22788012027740479
326	0.07290803645401822	0.6666666666666666	0.22791339457035065
327	0.07296849087893864	0.6666666666666666	0.2279648333787918
328	0.07321131447587355	0.6666666666666666	0.22872190177440643
329	0.07327227310574522	0.6666666666666666	0.22876815497875214
330	0.07333333333333333	0.6666666666666666	0.228859081864357
331	0.07339449541284404	0.6666666666666666	0.22887051105499268
332	0.07345575959933222	0.6666666666666666	0.2289869487285614
333	0.07351712614870509	0.6666666666666666	0.22901032865047455
334	0.07357859531772576	0.6666666666666666	0.22909294068813324
335	0.07364016736401674	0.6666666666666666	0.22910822927951813
336	0.07370184254606366	0.6666666666666666	0.2291746437549591
337	0.07376362112321877	0.6666666666666666	0.22918476164340973
338	0.0738255033557047	0.6666666666666666	0.22922439873218536
339	0.07388748950461797	0.6666666666666666	0.2292311042547226
340	0.07394957983193277	0.6666666666666666	0.22929170727729797
341	0.07413647851727043	0.6666666666666666	0.22932666540145874
342	0.07419898819561552	0.6666666666666666	0.22952163219451904
343	0.07426160337552742	0.6666666666666666	0.2295791208744049
344	0.07432432432432433	0.6666666666666666	0.229583740234375
345	0.07445008460236886	0.6666666666666666	0.22966638207435608
346	0.07451312447078746	0.6666666666666666	0.22983983159065247
347	0.07457627118644068	0.6666666666666666	0.22987137734889984
348	0.07463952502120441	0.6666666666666666	0.22999079525470734
349	0.07470288624787776	0.6666666666666666	0.23000776767730713
350	0.07476635514018691	0.6666666666666666	0.23017403483390808
351	0.07482993197278912	0.6666666666666666	0.23024754226207733
352	0.0748936170212766	0.6666666666666666	0.2305431067943573
353	0.07495741056218058	0.6666666666666666	0.230552077293396
354	0.07502131287297528	0.6666666666666666	0.23060324788093567
355	0.07508532423208192	0.6666666666666666	0.23069430887699127
356	0.07514944491887275	0.6666666666666666	0.23072156310081482
357	0.07527801539777587	0.6666666666666666	0.230726420879364
358	0.07547169811320754	0.6666666666666666	0.23078115284442902
359	0.07566638005159071	0.6666666666666666	0.23103272914886475
360	0.07579672695951765	0.6666666666666666	0.23109224438667297
361	0.07586206896551724	0.6666666666666666	0.2310977578163147
362	0.07592752372735116	0.6666666666666666	0.23111099004745483
363	0.07599309153713299	0.6666666666666666	0.23122800886631012
364	0.07605877268798616	0.6666666666666666	0.23124030232429504
365	0.07612456747404844	0.6666666666666666	0.23129339516162872
366	0.0761904761904762	0.6666666666666666	0.23136833310127258
367	0.07625649913344887	0.6666666666666666	0.23138940334320068
368	0.07632263660017347	0.6666666666666666	0.2314193993806839
369	0.0763888888888889	0.6666666666666666	0.23144856095314026
370	0.07645525629887055	0.6666666666666666	0.23146918416023254
371	0.07652173913043478	0.6666666666666666	0.23149800300598145
372	0.07665505226480836	0.6666666666666666	0.2315530627965927
373	0.07672188317349608	0.6666666666666666	0.23155352473258972
374	0.07678883071553229	0.6666666666666666	0.23158709704875946
375	0.07685589519650655	0.6666666666666666	0.2316165417432785
376	0.07692307692307693	0.6666666666666666	0.23173360526561737
377	0.07753303964757709	0.6666666666666666	0.23179154098033905
378	0.07760141093474426	0.6666666666666666	0.231815367937088
379	0.07766990291262135	0.6666666666666666	0.23185047507286072
380	0.07780725022104333	0.6666666666666666	0.23186995089054108
381	0.07913669064748201	0.6666666666666666	0.23196670413017273
382	0.07920792079207921	0.6666666666666666	0.23204123973846436
383	0.07927927927927927	0.6666666666666666	0.23205697536468506
384	0.07942238267148015	0.6666666666666666	0.23213519155979156
385	0.07949412827461608	0.6666666666666666	0.23214665055274963
386	0.07956600361663653	0.6666666666666666	0.2322612702846527
387	0.07963800904977375	0.6666666666666666	0.23231413960456848
388	0.07971014492753623	0.6666666666666666	0.23240679502487183
389	0.07978241160471441	0.6666666666666666	0.23242361843585968
390	0.07985480943738657	0.6666666666666666	0.23248398303985596
391	0.07992733878292461	0.6666666666666666	0.23252950608730316
392	0.08	0.6666666666666666	0.2325749397277832
393	0.08021877848678213	0.6666666666666666	0.2326796054840088
394	0.08029197080291971	0.6666666666666666	0.23270973563194275
395	0.08036529680365297	0.6666666666666666	0.23287446796894073
396	0.08043875685557587	0.6666666666666666	0.23296436667442322
397	0.08051235132662397	0.6666666666666666	0.23301051557064056
398	0.08058608058608059	0.6666666666666666	0.23307718336582184
399	0.08065994500458296	0.6666666666666666	0.2331494688987732
400	0.08080808080808081	0.6666666666666666	0.2332078069448471
401	0.08088235294117647	0.6666666666666666	0.2332870066165924
402	0.08095676172953081	0.6666666666666666	0.2333645522594452
403	0.08103130755064457	0.6666666666666666	0.23356474936008453
404	0.08110599078341015	0.6666666666666666	0.23361806571483612
405	0.08118081180811808	0.6666666666666666	0.23390625417232513
406	0.08125577100646353	0.6666666666666666	0.23391960561275482
407	0.08133086876155268	0.6666666666666666	0.23396801948547363
408	0.08140610545790934	0.6666666666666666	0.2340347319841385
409	0.08178438661710037	0.6666666666666666	0.23412016034126282
410	0.08186046511627906	0.6666666666666666	0.2341250479221344
411	0.08201304753028892	0.6666666666666666	0.2341565042734146
412	0.08208955223880597	0.6666666666666666	0.23418034613132477
413	0.08224299065420561	0.6666666666666666	0.23427714407444
414	0.08239700374531835	0.6666666666666666	0.23435911536216736
415	0.0825515947467167	0.6666666666666666	0.23448607325553894
416	0.08262910798122065	0.6666666666666666	0.23470333218574524
417	0.08270676691729323	0.6666666666666666	0.2349468469619751
418	0.08278457196613359	0.6666666666666666	0.2350863814353943
419	0.08286252354048965	0.6666666666666666	0.2351660430431366
420	0.08294062205466542	0.6666666666666666	0.2351870834827423
421	0.0830188679245283	0.6666666666666666	0.23520107567310333
422	0.0821529745042493	0.6590909090909091	0.23521016538143158
423	0.08223062381852551	0.6590909090909091	0.23530006408691406
424	0.08230842005676443	0.6590909090909091	0.235318124294281
425	0.0825426944971537	0.6590909090909091	0.23546922206878662
426	0.08269961977186312	0.6590909090909091	0.2354847639799118
427	0.08293612964728313	0.6590909090909091	0.23561181128025055
428	0.08301526717557252	0.6590909090909091	0.23578548431396484
429	0.0830945558739255	0.6590909090909091	0.23580069839954376
430	0.08317399617590822	0.6590909090909091	0.23585906624794006
431	0.08325358851674641	0.6590909090909091	0.23596572875976562
432	0.08333333333333333	0.6590909090909091	0.23598138988018036
433	0.08341323106423777	0.6590909090909091	0.23642396926879883
434	0.08349328214971209	0.6590909090909091	0.23643247783184052
435	0.08357348703170028	0.6590909090909091	0.2367139607667923
436	0.08365384615384615	0.6590909090909091	0.23680931329727173
437	0.0838150289017341	0.6590909090909091	0.23690737783908844
438	0.08389585342333655	0.6590909090909091	0.2371300905942917
439	0.08397683397683398	0.6590909090909091	0.23720605671405792
440	0.08405797101449275	0.6590909090909091	0.23748326301574707
441	0.08413926499032882	0.6590909090909091	0.23753111064434052
442	0.08422071636011616	0.6590909090909091	0.23765017092227936
443	0.08430232558139535	0.6590909090909091	0.2377328723669052
444	0.08438409311348205	0.6590909090909091	0.2378135323524475
445	0.08446601941747572	0.6590909090909091	0.2379080355167389
446	0.08454810495626822	0.6590909090909091	0.2380649745464325
447	0.08463035019455253	0.6590909090909091	0.2381153106689453
448	0.08471275559883155	0.6590909090909091	0.23814240097999573
449	0.0847953216374269	0.6590909090909091	0.2381606251001358
450	0.08487804878048781	0.6590909090909091	0.23832562565803528
451	0.0849609375	0.6590909090909091	0.23832887411117554
452	0.08504398826979472	0.6590909090909091	0.23855122923851013
453	0.08512720156555773	0.6590909090909091	0.23869621753692627
454	0.08521057786483839	0.6590909090909091	0.23882025480270386
455	0.08529411764705883	0.6590909090909091	0.23887766897678375
456	0.08537782139352307	0.6590909090909091	0.23891215026378632
457	0.08546168958742632	0.6590909090909091	0.2389974594116211
458	0.0855457227138643	0.6590909090909091	0.2391776591539383
459	0.08562992125984252	0.6590909090909091	0.2392049878835678
460	0.08571428571428572	0.6590909090909091	0.23927821218967438
461	0.08579881656804733	0.6590909090909091	0.23931196331977844
462	0.08588351431391905	0.6590909090909091	0.2394862025976181
463	0.08596837944664032	0.6590909090909091	0.23962341248989105
464	0.08605341246290801	0.6590909090909091	0.23973232507705688
465	0.08424182358771061	0.6439393939393939	0.23982898890972137
466	0.08449304174950298	0.6439393939393939	0.23992963135242462
467	0.0845771144278607	0.6439393939393939	0.2400241494178772
468	0.0846613545816733	0.6439393939393939	0.24006353318691254
469	0.0847457627118644	0.6439393939393939	0.24008385837078094
470	0.08483033932135728	0.6439393939393939	0.2401072084903717
471	0.08491508491508491	0.6439393939393939	0.2402862161397934
472	0.085	0.6439393939393939	0.24032732844352722
473	0.08508508508508508	0.6439393939393939	0.24038633704185486
474	0.08517034068136273	0.6439393939393939	0.2403925061225891
475	0.08525576730190572	0.6439393939393939	0.24039311707019806
476	0.0853413654618474	0.6439393939393939	0.24044707417488098
477	0.08542713567839195	0.6439393939393939	0.2405065894126892
478	0.08551307847082495	0.6439393939393939	0.24063827097415924
479	0.08568548387096774	0.6439393939393939	0.24079529941082
480	0.08577194752774975	0.6439393939393939	0.24093790352344513
481	0.08585858585858586	0.6439393939393939	0.24098464846611023
482	0.0859453993933266	0.6439393939393939	0.24109096825122833
483	0.08611955420466058	0.6439393939393939	0.24121442437171936
484	0.08620689655172414	0.6439393939393939	0.24131551384925842
485	0.08629441624365482	0.6439393939393939	0.24149630963802338
486	0.08638211382113821	0.6439393939393939	0.24150726199150085
487	0.08646998982706001	0.6439393939393939	0.24187543988227844
488	0.08655804480651731	0.6439393939393939	0.24215297400951385
489	0.08682328907048008	0.6439393939393939	0.24218516051769257
490	0.08826583592938733	0.6439393939393939	0.2421988695859909
491	0.08835758835758836	0.6439393939393939	0.2422095537185669
492	0.08844953173777315	0.6439393939393939	0.2422342747449875
493	0.08854166666666667	0.6439393939393939	0.24228589236736298
494	0.0886339937434828	0.6439393939393939	0.24233543872833252
495	0.08872651356993737	0.6439393939393939	0.2424958348274231
496	0.08881922675026123	0.6439393939393939	0.2425563633441925
497	0.08891213389121339	0.6439393939393939	0.2426614910364151
498	0.08909853249475891	0.6439393939393939	0.24270865321159363
499	0.08919202518363065	0.6439393939393939	0.24290546774864197
500	0.08928571428571429	0.6439393939393939	0.2429697960615158
501	0.08937960042060988	0.6439393939393939	0.242977112531662
502	0.08947368421052632	0.6439393939393939	0.24300256371498108
503	0.08956796628029505	0.6439393939393939	0.243015855550766
504	0.08966244725738397	0.6439393939393939	0.24307197332382202
505	0.0897571277719113	0.6439393939393939	0.2430911511182785
506	0.08985200845665962	0.6439393939393939	0.24342097342014313
507	0.08994708994708994	0.6439393939393939	0.24348077178001404
508	0.09004237288135593	0.6439393939393939	0.24351640045642853
509	0.09013785790031813	0.6439393939393939	0.24352668225765228
510	0.09023354564755838	0.6439393939393939	0.2435433715581894
511	0.09042553191489362	0.6439393939393939	0.24369072914123535
512	0.09052183173588925	0.6439393939393939	0.2437399923801422
513	0.0906183368869936	0.6439393939393939	0.243799090385437
514	0.09071504802561366	0.6439393939393939	0.24389223754405975
515	0.09081196581196581	0.6439393939393939	0.2440071851015091
516	0.09090909090909091	0.6439393939393939	0.24422530829906464
517	0.09100642398286937	0.6439393939393939	0.24462305009365082
518	0.09110396570203644	0.6439393939393939	0.244679793715477
519	0.09129967776584318	0.6439393939393939	0.24471205472946167
520	0.0913978494623656	0.6439393939393939	0.24479512870311737
521	0.09149623250807319	0.6439393939393939	0.24486514925956726
522	0.09169363538295577	0.6439393939393939	0.24498941004276276
523	0.091792656587473	0.6439393939393939	0.24501678347587585
524	0.0918918918918919	0.6439393939393939	0.24509213864803314
525	0.09199134199134198	0.6439393939393939	0.24510136246681213
526	0.09209100758396534	0.6439393939393939	0.24545849859714508
527	0.09219088937093275	0.6439393939393939	0.24551847577095032
528	0.09229098805646037	0.6439393939393939	0.24570907652378082
529	0.09249183895538629	0.6439393939393939	0.24591311812400818
530	0.09259259259259259	0.6439393939393939	0.24595849215984344
531	0.09269356597600872	0.6439393939393939	0.24604393541812897
532	0.0927947598253275	0.6439393939393939	0.2461145520210266
533	0.09289617486338798	0.6439393939393939	0.24623022973537445
534	0.09309967141292443	0.6439393939393939	0.24624963104724884
535	0.09320175438596491	0.6439393939393939	0.24646320939064026
536	0.09330406147091108	0.6439393939393939	0.2465132176876068
537	0.09340659340659341	0.6439393939393939	0.24656830728054047
538	0.09350935093509351	0.6439393939393939	0.24664582312107086
539	0.09361233480176212	0.6439393939393939	0.24665336310863495
540	0.09371554575523705	0.6439393939393939	0.24665939807891846
541	0.09381898454746136	0.6439393939393939	0.24685555696487427
542	0.09392265193370165	0.6439393939393939	0.24697020649909973
543	0.09402654867256637	0.6439393939393939	0.24728670716285706
544	0.09413067552602436	0.6439393939393939	0.2476874738931656
545	0.0942350332594235	0.6439393939393939	0.24771170318126678
546	0.09433962264150944	0.6439393939393939	0.2478623241186142
547	0.09444444444444444	0.6439393939393939	0.2480481117963791
548	0.09454949944382647	0.6439393939393939	0.24834054708480835
549	0.09465478841870824	0.6439393939393939	0.24840767681598663
550	0.0947603121516165	0.6439393939393939	0.2484588623046875
551	0.09486607142857142	0.6439393939393939	0.2484998106956482
552	0.09497206703910614	0.6439393939393939	0.2485489845275879
553	0.09507829977628636	0.6439393939393939	0.2489195317029953
554	0.09518477043673013	0.6439393939393939	0.2489495426416397
555	0.0952914798206278	0.6439393939393939	0.2493402510881424
556	0.09539842873176206	0.6439393939393939	0.24941740930080414
557	0.09550561797752809	0.6439393939393939	0.2494211494922638
558	0.09561304836895389	0.6439393939393939	0.24944554269313812
559	0.09572072072072071	0.6439393939393939	0.2495136559009552
560	0.09582863585118377	0.6439393939393939	0.24953897297382355
561	0.09593679458239278	0.6439393939393939	0.24956656992435455
562	0.096045197740113	0.6439393939393939	0.24956932663917542
563	0.09615384615384616	0.6439393939393939	0.24980559945106506
564	0.09626274065685164	0.6439393939393939	0.24981589615345
565	0.0963718820861678	0.6439393939393939	0.25034719705581665
566	0.09648127128263337	0.6439393939393939	0.250497430562973
567	0.09659090909090909	0.6439393939393939	0.2506336569786072
568	0.09670079635949944	0.6439393939393939	0.25064533948898315
569	0.09681093394077449	0.6439393939393939	0.25068897008895874
570	0.09692132269099202	0.6439393939393939	0.25076258182525635
571	0.09703196347031963	0.6439393939393939	0.2509341537952423
572	0.09714285714285714	0.6439393939393939	0.25104397535324097
573	0.09725400457665904	0.6439393939393939	0.25108665227890015
574	0.09736540664375716	0.6439393939393939	0.2512572705745697
575	0.09747706422018348	0.6439393939393939	0.2512687146663666
576	0.09758897818599312	0.6439393939393939	0.2514016330242157
577	0.09770114942528736	0.6439393939393939	0.2517322897911072
578	0.09781357882623705	0.6439393939393939	0.2517404854297638
579	0.097926267281106	0.6439393939393939	0.25185704231262207
580	0.09803921568627451	0.6439393939393939	0.2521030604839325
581	0.09815242494226328	0.6439393939393939	0.2523159384727478
582	0.09826589595375723	0.6439393939393939	0.252376914024353
583	0.09837962962962964	0.6439393939393939	0.25242701172828674
584	0.0984936268829664	0.6439393939393939	0.2524413466453552
585	0.09860788863109049	0.6439393939393939	0.25277233123779297
586	0.09872241579558652	0.6439393939393939	0.2528170347213745
587	0.09883720930232558	0.6439393939393939	0.25287601351737976
588	0.0989522700814901	0.6439393939393939	0.2531542479991913
589	0.09906759906759907	0.6439393939393939	0.25316765904426575
590	0.09918319719953325	0.6439393939393939	0.25333401560783386
591	0.09929906542056074	0.6439393939393939	0.253459632396698
592	0.09941520467836257	0.6439393939393939	0.25348323583602905
593	0.09953161592505855	0.6439393939393939	0.25360366702079773
594	0.09964830011723329	0.6439393939393939	0.2536338269710541
595	0.09976525821596244	0.6439393939393939	0.25377610325813293
596	0.099882491186839	0.6439393939393939	0.2538886070251465
597	0.1	0.6439393939393939	0.25395509600639343
598	0.10011778563015312	0.6439393939393939	0.2540624141693115
599	0.10023584905660378	0.6439393939393939	0.2543604373931885
600	0.10035419126328217	0.6439393939393939	0.2545720934867859
601	0.10047281323877069	0.6439393939393939	0.2547186017036438
602	0.10059171597633136	0.6439393939393939	0.25472158193588257
603	0.10071090047393365	0.6439393939393939	0.25478845834732056
604	0.10083036773428232	0.6439393939393939	0.254800945520401
605	0.10095011876484561	0.6439393939393939	0.2548109292984009
606	0.10119047619047619	0.6439393939393939	0.25481972098350525
607	0.10131108462455304	0.6439393939393939	0.2550072968006134
608	0.10143198090692124	0.6439393939393939	0.25524213910102844
609	0.1015531660692951	0.6439393939393939	0.2554427981376648
610	0.10167464114832536	0.6439393939393939	0.2556886374950409
611	0.10179640718562874	0.6439393939393939	0.2561149597167969
612	0.10191846522781775	0.6439393939393939	0.2563514709472656
613	0.10204081632653061	0.6439393939393939	0.25648701190948486
614	0.10216346153846154	0.6439393939393939	0.25667238235473633
615	0.10108303249097472	0.6363636363636364	0.25683706998825073
616	0.10120481927710843	0.6363636363636364	0.2569369673728943
617	0.10132689987937274	0.6363636363636364	0.25725916028022766
618	0.10144927536231885	0.6363636363636364	0.2574293315410614
619	0.10157194679564692	0.6363636363636364	0.25744155049324036
620	0.1016949152542373	0.6363636363636364	0.2576546370983124
621	0.10181818181818182	0.6363636363636364	0.2578819990158081
622	0.10194174757281553	0.6363636363636364	0.25790935754776
623	0.10206561360874848	0.6363636363636364	0.2580604553222656
624	0.10218978102189781	0.6363636363636364	0.2582395076751709
625	0.1023142509135201	0.6363636363636364	0.25825420022010803
626	0.1024390243902439	0.6363636363636364	0.2584233582019806
627	0.10256410256410256	0.6363636363636364	0.25844812393188477
628	0.10268948655256724	0.6363636363636364	0.25864076614379883
629	0.10281517747858017	0.6363636363636364	0.2586844861507416
630	0.10294117647058823	0.6363636363636364	0.2588390111923218
631	0.10306748466257669	0.6363636363636364	0.2588827908039093
632	0.10319410319410319	0.6363636363636364	0.2590174674987793
633	0.1033210332103321	0.6363636363636364	0.2590338885784149
634	0.10344827586206896	0.6363636363636364	0.2592579424381256
635	0.10357583230579531	0.6363636363636364	0.2593257427215576
636	0.1037037037037037	0.6363636363636364	0.25949952006340027
637	0.103831891223733	0.6363636363636364	0.2595677971839905
638	0.10396039603960396	0.6363636363636364	0.25980255007743835
639	0.10421836228287841	0.6363636363636364	0.25987303256988525
640	0.10434782608695652	0.6363636363636364	0.25998103618621826
641	0.1044776119402985	0.6363636363636364	0.2601460814476013
642	0.10473815461346633	0.6363636363636364	0.2604283392429352
643	0.10486891385767791	0.6363636363636364	0.26116320490837097
644	0.105	0.6363636363636364	0.26131725311279297
645	0.10513141426783479	0.6363636363636364	0.26131945848464966
646	0.10526315789473684	0.6363636363636364	0.26139694452285767
647	0.1053952321204517	0.6363636363636364	0.2616923153400421
648	0.10552763819095477	0.6363636363636364	0.2617087960243225
649	0.10566037735849057	0.6363636363636364	0.2618083655834198
650	0.10579345088161209	0.6363636363636364	0.26199695467948914
651	0.10592686002522068	0.6363636363636364	0.26208174228668213
652	0.10606060606060606	0.6363636363636364	0.2621884346008301
653	0.10619469026548672	0.6363636363636364	0.2622282803058624
654	0.10632911392405063	0.6363636363636364	0.2622470259666443
655	0.10646387832699619	0.6363636363636364	0.2622867524623871
656	0.1065989847715736	0.6363636363636364	0.2623799741268158
657	0.10673443456162643	0.6363636363636364	0.2627338171005249
658	0.10687022900763359	0.6363636363636364	0.26294225454330444
659	0.1070063694267516	0.6363636363636364	0.2632133960723877
660	0.10714285714285714	0.6363636363636364	0.2632279396057129
661	0.10727969348659004	0.6363636363636364	0.2632521688938141
662	0.10741687979539642	0.6363636363636364	0.2633642256259918
663	0.10755441741357234	0.6363636363636364	0.26375651359558105
664	0.1076923076923077	0.6363636363636364	0.2637733817100525
665	0.10796915167095116	0.6363636363636364	0.26400962471961975
666	0.10824742268041238	0.6363636363636364	0.26407158374786377
667	0.10838709677419354	0.6363636363636364	0.26410937309265137
668	0.10852713178294573	0.6363636363636364	0.2642199695110321
669	0.10866752910737387	0.6363636363636364	0.26434525847435
670	0.10880829015544041	0.6363636363636364	0.2648840546607971
671	0.10894941634241245	0.6363636363636364	0.2651391625404358
672	0.10909090909090909	0.6363636363636364	0.26527005434036255
673	0.10923276983094929	0.6363636363636364	0.2654789686203003
674	0.109375	0.6363636363636364	0.26557889580726624
675	0.10966057441253264	0.6363636363636364	0.26561278104782104
676	0.10980392156862745	0.6363636363636364	0.2657695710659027
677	0.1099476439790576	0.6363636363636364	0.26584842801094055
678	0.11009174311926606	0.6363636363636364	0.26592186093330383
679	0.11023622047244094	0.6363636363636364	0.2659740149974823
680	0.11052631578947368	0.6363636363636364	0.26605701446533203
681	0.11067193675889328	0.6363636363636364	0.266369104385376
682	0.11081794195250659	0.6363636363636364	0.26640793681144714
683	0.11096433289299867	0.6363636363636364	0.26663389801979065
684	0.10978835978835978	0.6287878787878788	0.2666574716567993
685	0.10993377483443709	0.6287878787878788	0.26681602001190186
686	0.1102257636122178	0.6287878787878788	0.26684901118278503
687	0.11037234042553191	0.6287878787878788	0.26698559522628784
688	0.11051930758988016	0.6287878787878788	0.2670634388923645
689	0.11066666666666666	0.6287878787878788	0.26717445254325867
690	0.11081441922563418	0.6287878787878788	0.26723331212997437
691	0.11096256684491979	0.6287878787878788	0.2674730718135834
692	0.1111111111111111	0.6287878787878788	0.26752176880836487
693	0.11126005361930295	0.6287878787878788	0.2677536606788635
694	0.11140939597315436	0.6287878787878788	0.26789388060569763
695	0.11155913978494623	0.6287878787878788	0.2679152190685272
696	0.1117092866756393	0.6287878787878788	0.2682684063911438
697	0.11185983827493262	0.6287878787878788	0.2685799300670624
698	0.11201079622132254	0.6287878787878788	0.2693817615509033
699	0.11216216216216217	0.6287878787878788	0.2696550488471985
700	0.11231393775372124	0.6287878787878788	0.26969271898269653
701	0.11246612466124661	0.6287878787878788	0.2697274684906006
702	0.11261872455902307	0.6287878787878788	0.2698296308517456
703	0.11292517006802721	0.6287878787878788	0.26999154686927795
704	0.11307901907356949	0.6287878787878788	0.2701013684272766
705	0.11323328785811733	0.6287878787878788	0.2701651453971863
706	0.1121751025991792	0.6212121212121212	0.2706264853477478
707	0.11232876712328767	0.6212121212121212	0.27069324254989624
708	0.11248285322359397	0.6212121212121212	0.2707313895225525
709	0.11263736263736264	0.6212121212121212	0.27111339569091797
710	0.11279229711141678	0.6212121212121212	0.2718127965927124
711	0.11294765840220386	0.6212121212121212	0.2721073031425476
712	0.11310344827586206	0.6212121212121212	0.2725309431552887
713	0.1132596685082873	0.6212121212121212	0.2725377678871155
714	0.11341632088520055	0.6212121212121212	0.2727031409740448
715	0.11357340720221606	0.6212121212121212	0.2730036675930023
716	0.11373092926490985	0.6212121212121212	0.2732902765274048
717	0.11388888888888889	0.6212121212121212	0.27331098914146423
718	0.11404728789986092	0.6212121212121212	0.2734649181365967
719	0.11420612813370473	0.6212121212121212	0.2738003730773926
720	0.11436541143654114	0.6212121212121212	0.27397891879081726
721	0.11452513966480447	0.6212121212121212	0.2743039131164551
722	0.11468531468531469	0.6212121212121212	0.2746044397354126
723	0.11484593837535013	0.6212121212121212	0.27471527457237244
724	0.1150070126227209	0.6212121212121212	0.27474769949913025
725	0.1151685393258427	0.6212121212121212	0.2749953269958496
726	0.11533052039381153	0.6212121212121212	0.27500733733177185
727	0.11549295774647887	0.6212121212121212	0.27501288056373596
728	0.1156558533145275	0.6212121212121212	0.2755507528781891
729	0.11581920903954802	0.6212121212121212	0.27628257870674133
730	0.11598302687411598	0.6212121212121212	0.27657270431518555
731	0.11631205673758865	0.6212121212121212	0.2766309976577759
732	0.11647727272727272	0.6212121212121212	0.27667954564094543
733	0.1166429587482219	0.6212121212121212	0.27691182494163513
734	0.1168091168091168	0.6212121212121212	0.277147114276886
735	0.11697574893009986	0.6212121212121212	0.2775224447250366
736	0.11714285714285715	0.6212121212121212	0.2777044177055359
737	0.11731044349070101	0.6212121212121212	0.27770790457725525
738	0.1174785100286533	0.6212121212121212	0.27773725986480713
739	0.11764705882352941	0.6212121212121212	0.27802348136901855
740	0.11781609195402298	0.6212121212121212	0.27833375334739685
741	0.11815561959654179	0.6212121212121212	0.2783803641796112
742	0.11832611832611832	0.6212121212121212	0.2787037789821625
743	0.11849710982658959	0.6212121212121212	0.278764933347702
744	0.11866859623733719	0.6212121212121212	0.27895277738571167
745	0.11884057971014493	0.6212121212121212	0.27949899435043335
746	0.11901306240928883	0.6212121212121212	0.2795763611793518
747	0.11918604651162791	0.6212121212121212	0.2798021137714386
748	0.11935953420669577	0.6212121212121212	0.2798185348510742
749	0.119533527696793	0.6212121212121212	0.2798798680305481
750	0.11970802919708029	0.6212121212121212	0.27992957830429077
751	0.11988304093567251	0.6212121212121212	0.2800333797931671
752	0.12005856515373353	0.6212121212121212	0.2801040709018707
753	0.12023460410557185	0.6212121212121212	0.28051549196243286
754	0.12041116005873716	0.6212121212121212	0.2805251181125641
755	0.12058823529411765	0.6212121212121212	0.280653178691864
756	0.12076583210603829	0.6212121212121212	0.28097137808799744
757	0.12112259970457903	0.6212121212121212	0.2810986042022705
758	0.12130177514792899	0.6212121212121212	0.2813466787338257
759	0.12148148148148148	0.6212121212121212	0.28135067224502563
760	0.12166172106824925	0.6212121212121212	0.2816280424594879
761	0.12184249628528974	0.6212121212121212	0.28200826048851013
762	0.12202380952380952	0.6212121212121212	0.2820199131965637
763	0.12220566318926974	0.6212121212121212	0.28204968571662903
764	0.12238805970149254	0.6212121212121212	0.2822273373603821
765	0.12257100149476831	0.6212121212121212	0.28265976905822754
766	0.12275449101796407	0.6212121212121212	0.2828366160392761
767	0.12293853073463268	0.6212121212121212	0.28309279680252075
768	0.12312312312312312	0.6212121212121212	0.2832739055156708
769	0.12330827067669173	0.6212121212121212	0.2837573289871216
770	0.12349397590361445	0.6212121212121212	0.2838203012943268
771	0.12368024132730016	0.6212121212121212	0.28445515036582947
772	0.12386706948640483	0.6212121212121212	0.28450191020965576
773	0.12405446293494705	0.6212121212121212	0.2852124571800232
774	0.12424242424242424	0.6212121212121212	0.28523778915405273
775	0.1244309559939302	0.6212121212121212	0.2852536737918854
776	0.12462006079027356	0.6212121212121212	0.2853889763355255
777	0.1248097412480974	0.6212121212121212	0.2861134111881256
778	0.125	0.6212121212121212	0.28623396158218384
779	0.1251908396946565	0.6212121212121212	0.2862682044506073
780	0.12538226299694188	0.6212121212121212	0.2871796786785126
781	0.12557427258805512	0.6212121212121212	0.28801944851875305
782	0.12576687116564417	0.6212121212121212	0.28811943531036377
783	0.1259600614439324	0.6212121212121212	0.2881515622138977
784	0.12615384615384614	0.6212121212121212	0.28850871324539185
785	0.1263482280431433	0.6212121212121212	0.28884607553482056
786	0.12654320987654322	0.6212121212121212	0.2894980013370514
787	0.1267387944358578	0.6212121212121212	0.28950321674346924
788	0.12693498452012383	0.6212121212121212	0.2896474301815033
789	0.12713178294573643	0.6212121212121212	0.2902504503726959
790	0.12732919254658384	0.6212121212121212	0.29032209515571594
791	0.12752721617418353	0.6212121212121212	0.29041406512260437
792	0.1277258566978193	0.6212121212121212	0.2904849946498871
793	0.12792511700468018	0.6212121212121212	0.29082125425338745
794	0.128125	0.6212121212121212	0.29106467962265015
795	0.1267605633802817	0.6136363636363636	0.2914629876613617
796	0.12695924764890282	0.6136363636363636	0.29186517000198364
797	0.1271585557299843	0.6136363636363636	0.2918938100337982
798	0.12735849056603774	0.6136363636363636	0.2919674813747406
799	0.12755905511811025	0.6136363636363636	0.29234087467193604
800	0.1277602523659306	0.6136363636363636	0.2930540442466736
801	0.12796208530805686	0.6136363636363636	0.2932117283344269
802	0.1281645569620253	0.6136363636363636	0.2934168577194214
803	0.12836767036450078	0.6136363636363636	0.2935951054096222
804	0.12857142857142856	0.6136363636363636	0.29372096061706543
805	0.1287758346581876	0.6136363636363636	0.2938675284385681
806	0.12898089171974522	0.6136363636363636	0.29460251331329346
807	0.1291866028708134	0.6136363636363636	0.2947990894317627
808	0.12939297124600638	0.6136363636363636	0.2948140501976013
809	0.1296	0.6136363636363636	0.294905424118042
810	0.12980769230769232	0.6136363636363636	0.2949272096157074
811	0.13001605136436598	0.6136363636363636	0.295085072517395
812	0.1302250803858521	0.6136363636363636	0.29511773586273193
813	0.13043478260869565	0.6136363636363636	0.29561787843704224
814	0.13064516129032258	0.6136363636363636	0.2957913875579834
815	0.1308562197092084	0.6136363636363636	0.29586878418922424
816	0.13106796116504854	0.6136363636363636	0.2958802282810211
817	0.1312803889789303	0.6136363636363636	0.29593339562416077
818	0.1314935064935065	0.6136363636363636	0.2959604561328888
819	0.13170731707317074	0.6136363636363636	0.29600459337234497
820	0.13192182410423453	0.6136363636363636	0.2967413663864136
821	0.13213703099510604	0.6136363636363636	0.29704147577285767
822	0.1323529411764706	0.6136363636363636	0.29706037044525146
823	0.132569558101473	0.6136363636363636	0.297108918428421
824	0.13278688524590163	0.6136363636363636	0.29771390557289124
825	0.1330049261083744	0.6136363636363636	0.29778438806533813
826	0.13344316309719934	0.6136363636363636	0.2978329360485077
827	0.13366336633663367	0.6136363636363636	0.2978588938713074
828	0.13388429752066117	0.6136363636363636	0.29889944195747375
829	0.13410596026490065	0.6136363636363636	0.2989218831062317
830	0.13432835820895522	0.6136363636363636	0.29907482862472534
831	0.1345514950166113	0.6136363636363636	0.29914188385009766
832	0.13477537437603992	0.6136363636363636	0.29920893907546997
833	0.135	0.6136363636363636	0.29933372139930725
834	0.1352253756260434	0.6136363636363636	0.2998192608356476
835	0.1354515050167224	0.6136363636363636	0.2998846173286438
836	0.135678391959799	0.6136363636363636	0.300262451171875
837	0.13590604026845637	0.6136363636363636	0.3012714385986328
838	0.1361344537815126	0.6136363636363636	0.3014230728149414
839	0.13636363636363635	0.6136363636363636	0.30148905515670776
840	0.13659359190556492	0.6136363636363636	0.3017529249191284
841	0.13682432432432431	0.6136363636363636	0.30229613184928894
842	0.13705583756345177	0.6136363636363636	0.30249011516571045
843	0.13728813559322034	0.6136363636363636	0.30253487825393677
844	0.13752122241086587	0.6136363636363636	0.3025707006454468
845	0.1377551020408163	0.6136363636363636	0.3025858998298645
846	0.13798977853492334	0.6136363636363636	0.30274438858032227
847	0.13822525597269625	0.6136363636363636	0.30275818705558777
848	0.1386986301369863	0.6136363636363636	0.3030349612236023
849	0.13893653516295026	0.6136363636363636	0.30341705679893494
850	0.13917525773195877	0.6136363636363636	0.30355408787727356
851	0.13941480206540446	0.6136363636363636	0.3038475811481476
852	0.1396551724137931	0.6136363636363636	0.30430933833122253
853	0.13989637305699482	0.6136363636363636	0.3044443130493164
854	0.14013840830449828	0.6136363636363636	0.30468615889549255
855	0.1386481802426343	0.6060606060606061	0.3048766255378723
856	0.1388888888888889	0.6060606060606061	0.3059718906879425
857	0.1391304347826087	0.6060606060606061	0.3062126040458679
858	0.13937282229965156	0.6060606060606061	0.3065865933895111
859	0.13961605584642234	0.6060606060606061	0.3066692650318146
860	0.13986013986013987	0.6060606060606061	0.30698102712631226
861	0.14010507880910683	0.6060606060606061	0.30704689025878906
862	0.14035087719298245	0.6060606060606061	0.30708351731300354
863	0.140597539543058	0.6060606060606061	0.30753597617149353
864	0.14084507042253522	0.6060606060606061	0.30797794461250305
865	0.14109347442680775	0.6060606060606061	0.3094823360443115
866	0.1413427561837456	0.6060606060606061	0.30949267745018005
867	0.1415929203539823	0.6060606060606061	0.3097214102745056
868	0.1400709219858156	0.5984848484848485	0.3099958300590515
869	0.14031971580817051	0.5984848484848485	0.3107280433177948
870	0.14056939501779359	0.5984848484848485	0.31137362122535706
871	0.1408199643493761	0.5984848484848485	0.3115217685699463
872	0.14107142857142857	0.5984848484848485	0.311535120010376
873	0.1413237924865832	0.5984848484848485	0.31189507246017456
874	0.14157706093189965	0.5984848484848485	0.3119691014289856
875	0.14183123877917414	0.5984848484848485	0.312379390001297
876	0.1420863309352518	0.5984848484848485	0.31239449977874756
877	0.14234234234234233	0.5984848484848485	0.3125709891319275
878	0.14259927797833935	0.5984848484848485	0.31291982531547546
879	0.14285714285714285	0.5984848484848485	0.3129698932170868
880	0.1431159420289855	0.5984848484848485	0.31316035985946655
881	0.14337568058076225	0.5984848484848485	0.3132835328578949
882	0.14363636363636365	0.5984848484848485	0.3133346438407898
883	0.14389799635701275	0.5984848484848485	0.3136335015296936
884	0.14416058394160583	0.5984848484848485	0.31364020705223083
885	0.14442413162705667	0.5984848484848485	0.314144492149353
886	0.1446886446886447	0.5984848484848485	0.31417274475097656
887	0.14311926605504588	0.5909090909090909	0.31428804993629456
888	0.14338235294117646	0.5909090909090909	0.31450241804122925
889	0.143646408839779	0.5909090909090909	0.3146587908267975
890	0.14391143911439114	0.5909090909090909	0.3149823844432831
891	0.14417744916820702	0.5909090909090909	0.31502458453178406
892	0.14444444444444443	0.5909090909090909	0.31516656279563904
893	0.14471243042671614	0.5909090909090909	0.3151665925979614
894	0.1449814126394052	0.5909090909090909	0.3157551884651184
895	0.1452513966480447	0.5909090909090909	0.31584686040878296
896	0.1455223880597015	0.5909090909090909	0.31584861874580383
897	0.14579439252336449	0.5909090909090909	0.31676095724105835
898	0.14606741573033707	0.5909090909090909	0.3167734742164612
899	0.14634146341463414	0.5909090909090909	0.3168201744556427
900	0.14661654135338345	0.5909090909090909	0.31749042868614197
901	0.14689265536723164	0.5909090909090909	0.3176127076148987
902	0.1471698113207547	0.5909090909090909	0.31807729601860046
903	0.14744801512287334	0.5909090909090909	0.3181748390197754
904	0.14772727272727273	0.5909090909090909	0.31841841340065
905	0.14800759013282733	0.5909090909090909	0.3185558021068573
906	0.1482889733840304	0.5909090909090909	0.3185725808143616
907	0.14857142857142858	0.5909090909090909	0.3189142942428589
908	0.14885496183206107	0.5909090909090909	0.3190855085849762
909	0.1491395793499044	0.5909090909090909	0.3192656636238098
910	0.14942528735632185	0.5909090909090909	0.31933581829071045
911	0.14971209213051823	0.5909090909090909	0.31954431533813477
912	0.15	0.5909090909090909	0.3196165859699249
913	0.15028901734104047	0.5909090909090909	0.3197900950908661
914	0.15057915057915058	0.5909090909090909	0.32047605514526367
915	0.15087040618955513	0.5909090909090909	0.3209167420864105
916	0.1511627906976744	0.5909090909090909	0.3212974965572357
917	0.15145631067961166	0.5909090909090909	0.3219235837459564
918	0.1517509727626459	0.5909090909090909	0.3220066428184509
919	0.15204678362573099	0.5909090909090909	0.3222716152667999
920	0.15234375	0.5909090909090909	0.32245519757270813
921	0.15264187866927592	0.5909090909090909	0.3232877254486084
922	0.15294117647058825	0.5909090909090909	0.32331424951553345
923	0.15324165029469547	0.5909090909090909	0.3235582113265991
924	0.15354330708661418	0.5909090909090909	0.3237091898918152
925	0.15384615384615385	0.5909090909090909	0.3244759738445282
926	0.1541501976284585	0.5909090909090909	0.324523389339447
927	0.15445544554455445	0.5909090909090909	0.325718492269516
928	0.15476190476190477	0.5909090909090909	0.32587921619415283
929	0.15308151093439365	0.5833333333333334	0.32647964358329773
930	0.15338645418326693	0.5833333333333334	0.3268429636955261
931	0.1536926147704591	0.5833333333333334	0.32707223296165466
932	0.154	0.5833333333333334	0.3282580077648163
933	0.15430861723446893	0.5833333333333334	0.32879403233528137
934	0.15461847389558234	0.5833333333333334	0.3289954960346222
935	0.15492957746478872	0.5833333333333334	0.3299691081047058
936	0.15524193548387097	0.5833333333333334	0.33042508363723755
937	0.15555555555555556	0.5833333333333334	0.33138373494148254
938	0.15587044534412955	0.5833333333333334	0.3316202163696289
939	0.15618661257606492	0.5833333333333334	0.3319613039493561
940	0.1565040650406504	0.5833333333333334	0.3319706320762634
941	0.15682281059063136	0.5833333333333334	0.3324313461780548
942	0.15714285714285714	0.5833333333333334	0.3324515223503113
943	0.1574642126789366	0.5833333333333334	0.3327743709087372
944	0.15778688524590165	0.5833333333333334	0.3331020772457123
945	0.15811088295687886	0.5833333333333334	0.33312320709228516
946	0.15843621399176955	0.5833333333333334	0.3334864377975464
947	0.15876288659793814	0.5833333333333334	0.3341433107852936
948	0.1590909090909091	0.5833333333333334	0.33430230617523193
949	0.15942028985507245	0.5833333333333334	0.33518046140670776
950	0.15975103734439833	0.5833333333333334	0.3354697823524475
951	0.1600831600831601	0.5833333333333334	0.3361189663410187
952	0.16041666666666668	0.5833333333333334	0.3361300528049469
953	0.16075156576200417	0.5833333333333334	0.33700957894325256
954	0.16108786610878661	0.5833333333333334	0.33735793828964233
955	0.16142557651991615	0.5833333333333334	0.3377491235733032
956	0.16176470588235295	0.5833333333333334	0.33814695477485657
957	0.16210526315789472	0.5833333333333334	0.3388614356517792
958	0.16244725738396623	0.5833333333333334	0.33953776955604553
959	0.160676532769556	0.5757575757575758	0.33955174684524536
960	0.16101694915254236	0.5757575757575758	0.3402789533138275
961	0.1613588110403397	0.5757575757575758	0.3406030237674713
962	0.16170212765957448	0.5757575757575758	0.34102505445480347
963	0.16204690831556504	0.5757575757575758	0.34117788076400757
964	0.1623931623931624	0.5757575757575758	0.3428492844104767
965	0.16274089935760172	0.5757575757575758	0.34308379888534546
966	0.1630901287553648	0.5757575757575758	0.34321802854537964
967	0.16344086021505377	0.5757575757575758	0.3442411720752716
968	0.16379310344827586	0.5757575757575758	0.34532031416893005
969	0.16414686825053995	0.5757575757575758	0.3459133505821228
970	0.1645021645021645	0.5757575757575758	0.34692880511283875
971	0.1648590021691974	0.5757575757575758	0.3472672998905182
972	0.16521739130434782	0.5757575757575758	0.3473489582538605
973	0.1655773420479303	0.5757575757575758	0.347378134727478
974	0.16593886462882096	0.5757575757575758	0.347662091255188
975	0.16630196936542668	0.5757575757575758	0.3477073311805725
976	0.16666666666666666	0.5757575757575758	0.34831875562667847
977	0.16703296703296702	0.5757575757575758	0.34845638275146484
978	0.16740088105726872	0.5757575757575758	0.34858688712120056
979	0.16777041942604856	0.5757575757575758	0.3495338261127472
980	0.168141592920354	0.5757575757575758	0.34960371255874634
981	0.16851441241685144	0.5757575757575758	0.35001516342163086
982	0.1688888888888889	0.5757575757575758	0.35028985142707825
983	0.16926503340757237	0.5757575757575758	0.35094907879829407
984	0.16964285714285715	0.5757575757575758	0.35100218653678894
985	0.17002237136465326	0.5757575757575758	0.3513829708099365
986	0.17040358744394618	0.5757575757575758	0.3526163101196289
987	0.1707865168539326	0.5757575757575758	0.3539952337741852
988	0.17117117117117117	0.5757575757575758	0.3540331721305847
989	0.17155756207674944	0.5757575757575758	0.3544134199619293
990	0.17194570135746606	0.5757575757575758	0.35467782616615295
991	0.17233560090702948	0.5757575757575758	0.35476213693618774
992	0.17272727272727273	0.5757575757575758	0.3548489511013031
993	0.17312072892938496	0.5757575757575758	0.3553474545478821
994	0.1735159817351598	0.5757575757575758	0.355790376663208
995	0.17391304347826086	0.5757575757575758	0.3573307991027832
996	0.1743119266055046	0.5757575757575758	0.3576430082321167
997	0.17471264367816092	0.5757575757575758	0.35766053199768066
998	0.17511520737327188	0.5757575757575758	0.3581555485725403
999	0.17551963048498845	0.5757575757575758	0.3587186336517334
1000	0.17592592592592593	0.5757575757575758	0.359127938747406
1001	0.17633410672853828	0.5757575757575758	0.3598107099533081
1002	0.17674418604651163	0.5757575757575758	0.3608461618423462
1003	0.17715617715617715	0.5757575757575758	0.36098188161849976
1004	0.17757009345794392	0.5757575757575758	0.3613084554672241
1005	0.17798594847775176	0.5757575757575758	0.36140763759613037
1006	0.1784037558685446	0.5757575757575758	0.36152413487434387
1007	0.17882352941176471	0.5757575757575758	0.36176609992980957
1008	0.1792452830188679	0.5757575757575758	0.36277836561203003
1009	0.1773049645390071	0.5681818181818182	0.3636328876018524
1010	0.17772511848341233	0.5681818181818182	0.3636972904205322
1011	0.17814726840855108	0.5681818181818182	0.3642466068267822
1012	0.17857142857142858	0.5681818181818182	0.36547940969467163
1013	0.17899761336515513	0.5681818181818182	0.3659347593784332
1014	0.17942583732057416	0.5681818181818182	0.36657553911209106
1015	0.17985611510791366	0.5681818181818182	0.3681928515434265
1016	0.18028846153846154	0.5681818181818182	0.36890876293182373
1017	0.1783132530120482	0.5606060606060606	0.3690536916255951
1018	0.178743961352657	0.5606060606060606	0.3702567219734192
1019	0.17675544794188863	0.553030303030303	0.3706217110157013
1020	0.17718446601941748	0.553030303030303	0.3706322908401489
1021	0.17761557177615572	0.553030303030303	0.37087035179138184
1022	0.17804878048780487	0.553030303030303	0.3709588944911957
1023	0.17647058823529413	0.5454545454545454	0.3710865378379822
1024	0.17444717444717445	0.5378787878787878	0.37143266201019287
1025	0.1748768472906404	0.5378787878787878	0.3717501759529114
1026	0.17530864197530865	0.5378787878787878	0.3717745244503021
1027	0.17574257425742573	0.5378787878787878	0.3719538450241089
1028	0.1761786600496278	0.5378787878787878	0.3721650540828705
1029	0.17661691542288557	0.5378787878787878	0.37283074855804443
1030	0.1770573566084788	0.5378787878787878	0.3736308813095093
1031	0.1775	0.5378787878787878	0.3737815022468567
1032	0.17794486215538846	0.5378787878787878	0.37411290407180786
1033	0.17839195979899497	0.5378787878787878	0.3744790554046631
1034	0.17884130982367757	0.5378787878787878	0.3744829297065735
1035	0.17929292929292928	0.5378787878787878	0.37507352232933044
1036	0.17974683544303796	0.5378787878787878	0.3750966787338257
1037	0.1802030456852792	0.5378787878787878	0.37548282742500305
1038	0.1806615776081425	0.5378787878787878	0.3764440417289734
1039	0.18112244897959184	0.5378787878787878	0.3768796920776367
1040	0.17902813299232737	0.5303030303030303	0.37703657150268555
1041	0.1794871794871795	0.5303030303030303	0.37723374366760254
1042	0.17994858611825193	0.5303030303030303	0.37758710980415344
1043	0.18041237113402062	0.5303030303030303	0.37812861800193787
1044	0.18087855297157623	0.5303030303030303	0.3781949579715729
1045	0.18134715025906736	0.5303030303030303	0.3791724145412445
1046	0.18181818181818182	0.5303030303030303	0.37925398349761963
1047	0.18229166666666666	0.5303030303030303	0.37971654534339905
1048	0.18276762402088773	0.5303030303030303	0.38138994574546814
1049	0.18324607329842932	0.5303030303030303	0.38141533732414246
1050	0.1837270341207349	0.5303030303030303	0.38191914558410645
1051	0.18421052631578946	0.5303030303030303	0.3819442391395569
1052	0.1820580474934037	0.5227272727272727	0.382576048374176
1053	0.18253968253968253	0.5227272727272727	0.3841560482978821
1054	0.1830238726790451	0.5227272727272727	0.3852459788322449
1055	0.18351063829787234	0.5227272727272727	0.38542836904525757
1056	0.184	0.5227272727272727	0.38653987646102905
1057	0.18449197860962566	0.5227272727272727	0.38780587911605835
1058	0.18498659517426275	0.5227272727272727	0.3884398639202118
1059	0.1827956989247312	0.5151515151515151	0.3898840546607971
1060	0.18059299191374664	0.5075757575757576	0.3905753791332245
1061	0.1810810810810811	0.5075757575757576	0.3914007842540741
1062	0.18157181571815717	0.5075757575757576	0.3915970027446747
1063	0.18206521739130435	0.5075757575757576	0.39208200573921204
1064	0.18256130790190736	0.5075757575757576	0.3935852646827698
1065	0.1830601092896175	0.5075757575757576	0.3938613831996918
1066	0.18356164383561643	0.5075757575757576	0.394136518239975
1067	0.18406593406593408	0.5075757575757576	0.39420443773269653
1068	0.18181818181818182	0.5	0.39499431848526
1069	0.18232044198895028	0.5	0.3957471549510956
1070	0.18282548476454294	0.5	0.39634525775909424
1071	0.18333333333333332	0.5	0.3967323899269104
1072	0.18384401114206128	0.5	0.39774608612060547
1073	0.18435754189944134	0.5	0.39857974648475647
1074	0.18487394957983194	0.5	0.3986658751964569
1075	0.18258426966292135	0.49242424242424243	0.3989622890949249
1076	0.18309859154929578	0.49242424242424243	0.39929085969924927
1077	0.18361581920903955	0.49242424242424243	0.3993816375732422
1078	0.18413597733711048	0.49242424242424243	0.39959654211997986
1079	0.1846590909090909	0.49242424242424243	0.39974814653396606
1080	0.18518518518518517	0.49242424242424243	0.40077587962150574
1081	0.18571428571428572	0.49242424242424243	0.40119802951812744
1082	0.18624641833810887	0.49242424242424243	0.4024564027786255
1083	0.1867816091954023	0.49242424242424243	0.40274855494499207
1084	0.1873198847262248	0.49242424242424243	0.40298137068748474
1085	0.18786127167630057	0.49242424242424243	0.40350478887557983
1086	0.18840579710144928	0.49242424242424243	0.40377745032310486
1087	0.18895348837209303	0.49242424242424243	0.40383097529411316
1088	0.18950437317784258	0.49242424242424243	0.40494009852409363
1089	0.19005847953216373	0.49242424242424243	0.4051414728164673
1090	0.1906158357771261	0.49242424242424243	0.4058208763599396
1091	0.19117647058823528	0.49242424242424243	0.40759679675102234
1092	0.19174041297935104	0.49242424242424243	0.4076768457889557
1093	0.19230769230769232	0.49242424242424243	0.4086119830608368
1094	0.19287833827893175	0.49242424242424243	0.40892916917800903
1095	0.19345238095238096	0.49242424242424243	0.40929320454597473
1096	0.19402985074626866	0.49242424242424243	0.40967950224876404
1097	0.19461077844311378	0.49242424242424243	0.41069814562797546
1098	0.19519519519519518	0.49242424242424243	0.4108727276325226
1099	0.19578313253012047	0.49242424242424243	0.41177743673324585
1100	0.19637462235649547	0.49242424242424243	0.41187649965286255
1101	0.19696969696969696	0.49242424242424243	0.41202959418296814
1102	0.19756838905775076	0.49242424242424243	0.4122084677219391
1103	0.19817073170731708	0.49242424242424243	0.4155971109867096
1104	0.19877675840978593	0.49242424242424243	0.4156641364097595
1105	0.19938650306748465	0.49242424242424243	0.4159053564071655
1106	0.2	0.49242424242424243	0.41674137115478516
1107	0.2006172839506173	0.49242424242424243	0.4168481230735779
1108	0.19814241486068113	0.48484848484848486	0.41710108518600464
1109	0.19875776397515527	0.48484848484848486	0.4173281788825989
1110	0.19937694704049844	0.48484848484848486	0.41735967993736267
1111	0.2	0.48484848484848486	0.4177440106868744
1112	0.2006269592476489	0.48484848484848486	0.4185061752796173
1113	0.20125786163522014	0.48484848484848486	0.4192216992378235
1114	0.20189274447949526	0.48484848484848486	0.4202955365180969
1115	0.20253164556962025	0.48484848484848486	0.4208497703075409
1116	0.20317460317460317	0.48484848484848486	0.4209112823009491
1117	0.20382165605095542	0.48484848484848486	0.42103850841522217
1118	0.2012779552715655	0.4772727272727273	0.4217032194137573
1119	0.20192307692307693	0.4772727272727273	0.42213761806488037
1120	0.20257234726688103	0.4772727272727273	0.4237203896045685
1121	0.2032258064516129	0.4772727272727273	0.4240737557411194
1122	0.20388349514563106	0.4772727272727273	0.4245079755783081
1123	0.20454545454545456	0.4772727272727273	0.42544034123420715
1124	0.20521172638436483	0.4772727272727273	0.42576009035110474
1125	0.20261437908496732	0.4696969696969697	0.4257647693157196
1126	0.20327868852459016	0.4696969696969697	0.4258635938167572
1127	0.20394736842105263	0.4696969696969697	0.42687901854515076
1128	0.20462046204620463	0.4696969696969697	0.4283786714076996
1129	0.2052980132450331	0.4696969696969697	0.42863744497299194
1130	0.2059800664451827	0.4696969696969697	0.42903047800064087
1131	0.20666666666666667	0.4696969696969697	0.42936521768569946
1132	0.20735785953177258	0.4696969696969697	0.429850310087204
1133	0.2080536912751678	0.4696969696969697	0.4301815927028656
1134	0.2053872053872054	0.4621212121212121	0.43145665526390076
1135	0.20608108108108109	0.4621212121212121	0.43154799938201904
1136	0.20677966101694914	0.4621212121212121	0.4325407147407532
1137	0.20748299319727892	0.4621212121212121	0.4328010082244873
1138	0.20819112627986347	0.4621212121212121	0.4339226484298706
1139	0.2054794520547945	0.45454545454545453	0.4339861273765564
1140	0.20618556701030927	0.45454545454545453	0.43411898612976074
1141	0.20689655172413793	0.45454545454545453	0.43503430485725403
1142	0.20761245674740483	0.45454545454545453	0.4361148774623871
1143	0.20833333333333334	0.45454545454545453	0.4362376928329468
1144	0.20905923344947736	0.45454545454545453	0.4365036189556122
1145	0.2097902097902098	0.45454545454545453	0.4379098415374756
1146	0.21052631578947367	0.45454545454545453	0.43903857469558716
1147	0.2112676056338028	0.45454545454545453	0.43906283378601074
1148	0.20848056537102475	0.44696969696969696	0.4393228590488434
1149	0.20921985815602837	0.44696969696969696	0.44010818004608154
1150	0.2099644128113879	0.44696969696969696	0.4407334327697754
1151	0.20714285714285716	0.4393939393939394	0.4413417875766754
1152	0.2078853046594982	0.4393939393939394	0.4429343640804291
1153	0.20863309352517986	0.4393939393939394	0.4441385269165039
1154	0.20938628158844766	0.4393939393939394	0.44439029693603516
1155	0.21014492753623187	0.4393939393939394	0.44488492608070374
1156	0.2109090909090909	0.4393939393939394	0.44597798585891724
1157	0.2116788321167883	0.4393939393939394	0.4467429220676422
1158	0.2087912087912088	0.4318181818181818	0.4467852711677551
1159	0.20955882352941177	0.4318181818181818	0.44780516624450684
1160	0.21033210332103322	0.4318181818181818	0.4480055272579193
1161	0.2111111111111111	0.4318181818181818	0.4483466148376465
1162	0.21189591078066913	0.4318181818181818	0.4494745433330536
1163	0.2126865671641791	0.4318181818181818	0.44974905252456665
1164	0.21348314606741572	0.4318181818181818	0.4506229758262634
1165	0.21428571428571427	0.4318181818181818	0.4512404203414917
1166	0.21509433962264152	0.4318181818181818	0.4527868330478668
1167	0.2159090909090909	0.4318181818181818	0.45284903049468994
1168	0.21673003802281368	0.4318181818181818	0.453572541475296
1169	0.21755725190839695	0.4318181818181818	0.45376282930374146
1170	0.21839080459770116	0.4318181818181818	0.45379021763801575
1171	0.21923076923076923	0.4318181818181818	0.45415520668029785
1172	0.22007722007722008	0.4318181818181818	0.45519763231277466
1173	0.22093023255813954	0.4318181818181818	0.45641517639160156
1174	0.22178988326848248	0.4318181818181818	0.4593909978866577
1175	0.22265625	0.4318181818181818	0.45942720770835876
1176	0.2235294117647059	0.4318181818181818	0.4598715007305145
1177	0.22440944881889763	0.4318181818181818	0.4620819389820099
1178	0.22529644268774704	0.4318181818181818	0.4626460671424866
1179	0.2261904761904762	0.4318181818181818	0.46434521675109863
1180	0.22709163346613545	0.4318181818181818	0.4645316004753113
1181	0.228	0.4318181818181818	0.4652867913246155
1182	0.2289156626506024	0.4318181818181818	0.46561896800994873
1183	0.22983870967741934	0.4318181818181818	0.4659452438354492
1184	0.23076923076923078	0.4318181818181818	0.46598199009895325
1185	0.23170731707317074	0.4318181818181818	0.466193825006485
1186	0.23265306122448978	0.4318181818181818	0.4668664038181305
1187	0.22950819672131148	0.42424242424242425	0.4680958390235901
1188	0.23045267489711935	0.42424242424242425	0.4692971706390381
1189	0.23140495867768596	0.42424242424242425	0.4694690406322479
1190	0.22821576763485477	0.4166666666666667	0.4698367416858673
1191	0.22916666666666666	0.4166666666666667	0.47080886363983154
1192	0.2301255230125523	0.4166666666666667	0.4711918532848358
1193	0.23109243697478993	0.4166666666666667	0.47138431668281555
1194	0.2320675105485232	0.4166666666666667	0.47167378664016724
1195	0.2330508474576271	0.4166666666666667	0.4721386432647705
1196	0.23404255319148937	0.4166666666666667	0.47263774275779724
1197	0.23076923076923078	0.4090909090909091	0.4731309413909912
1198	0.2317596566523605	0.4090909090909091	0.47329121828079224
1199	0.23275862068965517	0.4090909090909091	0.4733389616012573
1200	0.23376623376623376	0.4090909090909091	0.47370046377182007
1201	0.23478260869565218	0.4090909090909091	0.4744049608707428
1202	0.23580786026200873	0.4090909090909091	0.4746056795120239
1203	0.23684210526315788	0.4090909090909091	0.4765230119228363
1204	0.23788546255506607	0.4090909090909091	0.4771523177623749
1205	0.23893805309734514	0.4090909090909091	0.47725701332092285
1206	0.24	0.4090909090909091	0.48005440831184387
1207	0.24107142857142858	0.4090909090909091	0.4803358316421509
1208	0.242152466367713	0.4090909090909091	0.4806697964668274
1209	0.23873873873873874	0.4015151515151515	0.4817355275154114
1210	0.2398190045248869	0.4015151515151515	0.48206856846809387
1211	0.23636363636363636	0.3939393939393939	0.4825880527496338
1212	0.2374429223744292	0.3939393939393939	0.4827665686607361
1213	0.23853211009174313	0.3939393939393939	0.48313432931900024
1214	0.23963133640552994	0.3939393939393939	0.4840880036354065
1215	0.24074074074074073	0.3939393939393939	0.48455286026000977
1216	0.2372093023255814	0.38636363636363635	0.48734697699546814
1217	0.2383177570093458	0.38636363636363635	0.48747771978378296
1218	0.23943661971830985	0.38636363636363635	0.4881424009799957
1219	0.24056603773584906	0.38636363636363635	0.4883413314819336
1220	0.23696682464454977	0.3787878787878788	0.4889487326145172
1221	0.23809523809523808	0.3787878787878788	0.48972561955451965
1222	0.23923444976076555	0.3787878787878788	0.49028095602989197
1223	0.2403846153846154	0.3787878787878788	0.49124857783317566
1224	0.23671497584541062	0.3712121212121212	0.49272385239601135
1225	0.23786407766990292	0.3712121212121212	0.492986261844635
1226	0.23902439024390243	0.3712121212121212	0.493045449256897
1227	0.24019607843137256	0.3712121212121212	0.4939146041870117
1228	0.2413793103448276	0.3712121212121212	0.49438896775245667
1229	0.24257425742574257	0.3712121212121212	0.4945801794528961
1230	0.24378109452736318	0.3712121212121212	0.49550744891166687
1231	0.245	0.3712121212121212	0.4955451488494873
1232	0.24623115577889448	0.3712121212121212	0.4956960082054138
1233	0.2474747474747475	0.3712121212121212	0.49603086709976196
1234	0.24873096446700507	0.3712121212121212	0.49615806341171265
1235	0.25	0.3712121212121212	0.4962691366672516
1236	0.2512820512820513	0.3712121212121212	0.4976925551891327
1237	0.25257731958762886	0.3712121212121212	0.4982261657714844
1238	0.2538860103626943	0.3712121212121212	0.49830809235572815
1239	0.2552083333333333	0.3712121212121212	0.49926644563674927
1240	0.25654450261780104	0.3712121212121212	0.49992483854293823
1241	0.2578947368421053	0.3712121212121212	0.5003188252449036
1242	0.25925925925925924	0.3712121212121212	0.5011093020439148
1243	0.2553191489361702	0.36363636363636365	0.5013216733932495
1244	0.25668449197860965	0.36363636363636365	0.5033139586448669
1245	0.25806451612903225	0.36363636363636365	0.5033174157142639
1246	0.2594594594594595	0.36363636363636365	0.5034793019294739
1247	0.2554347826086957	0.3560606060606061	0.504505455493927
1248	0.2568306010928962	0.3560606060606061	0.5050721168518066
1249	0.25824175824175827	0.3560606060606061	0.5063607096672058
1250	0.2596685082872928	0.3560606060606061	0.5071207284927368
1251	0.2611111111111111	0.3560606060606061	0.5078239440917969
1252	0.26256983240223464	0.3560606060606061	0.5078544020652771
1253	0.2640449438202247	0.3560606060606061	0.5084959864616394
1254	0.2655367231638418	0.3560606060606061	0.5094488859176636
1255	0.26704545454545453	0.3560606060606061	0.5098376870155334
1256	0.26857142857142857	0.3560606060606061	0.5100101232528687
1257	0.26436781609195403	0.3484848484848485	0.5117871165275574
1258	0.26011560693641617	0.3409090909090909	0.5127025842666626
1259	0.2616279069767442	0.3409090909090909	0.5132933259010315
1260	0.2631578947368421	0.3409090909090909	0.5141280293464661
1261	0.2647058823529412	0.3409090909090909	0.5144890546798706
1262	0.26627218934911245	0.3409090909090909	0.5159620046615601
1263	0.26785714285714285	0.3409090909090909	0.5160608291625977
1264	0.2694610778443114	0.3409090909090909	0.5169296860694885
1265	0.2710843373493976	0.3409090909090909	0.5173636674880981
1266	0.2727272727272727	0.3409090909090909	0.5174186825752258
1267	0.27439024390243905	0.3409090909090909	0.5185576677322388
1268	0.27607361963190186	0.3409090909090909	0.5192410349845886
1269	0.2716049382716049	0.3333333333333333	0.5194092988967896
1270	0.2732919254658385	0.3333333333333333	0.5199375152587891
1271	0.275	0.3333333333333333	0.5203014612197876
1272	0.27044025157232704	0.32575757575757575	0.5208083987236023
1273	0.2721518987341772	0.32575757575757575	0.5211719870567322
1274	0.27388535031847133	0.32575757575757575	0.5213108062744141
1275	0.2692307692307692	0.3181818181818182	0.5222636461257935
1276	0.2709677419354839	0.3181818181818182	0.522606372833252
1277	0.2727272727272727	0.3181818181818182	0.5232269167900085
1278	0.27450980392156865	0.3181818181818182	0.5239526033401489
1279	0.27631578947368424	0.3181818181818182	0.5245793461799622
1280	0.2781456953642384	0.3181818181818182	0.5246353149414062
1281	0.28	0.3181818181818182	0.5254588723182678
1282	0.28378378378378377	0.3181818181818182	0.5262701511383057
1283	0.2789115646258503	0.3106060606060606	0.528984546661377
1284	0.2808219178082192	0.3106060606060606	0.5323570966720581
1285	0.2827586206896552	0.3106060606060606	0.5326398015022278
1286	0.2847222222222222	0.3106060606060606	0.5331874489784241
1287	0.2867132867132867	0.3106060606060606	0.5338066220283508
1288	0.2887323943661972	0.3106060606060606	0.533875584602356
1289	0.2907801418439716	0.3106060606060606	0.5339608788490295
1290	0.29285714285714287	0.3106060606060606	0.534551739692688
1291	0.2949640287769784	0.3106060606060606	0.534691572189331
1292	0.2971014492753623	0.3106060606060606	0.5354475378990173
1293	0.291970802919708	0.30303030303030304	0.5355836153030396
1294	0.29411764705882354	0.30303030303030304	0.5372772812843323
1295	0.2962962962962963	0.30303030303030304	0.5385743975639343
1296	0.291044776119403	0.29545454545454547	0.5407523512840271
1297	0.2932330827067669	0.29545454545454547	0.5408080816268921
1298	0.29545454545454547	0.29545454545454547	0.5414791107177734
1299	0.29770992366412213	0.29545454545454547	0.5416473746299744
1300	0.3	0.29545454545454547	0.5421609282493591
1301	0.29457364341085274	0.2878787878787879	0.5422001481056213
1302	0.296875	0.2878787878787879	0.5426610112190247
1303	0.2992125984251969	0.2878787878787879	0.5427730083465576
1304	0.30158730158730157	0.2878787878787879	0.543114423751831
1305	0.304	0.2878787878787879	0.5432677865028381
1306	0.29838709677419356	0.2803030303030303	0.5438849925994873
1307	0.3008130081300813	0.2803030303030303	0.5439596772193909
1308	0.30327868852459017	0.2803030303030303	0.5447896718978882
1309	0.2975206611570248	0.2727272727272727	0.5461090207099915
1310	0.3	0.2727272727272727	0.5461638569831848
1311	0.3025210084033613	0.2727272727272727	0.5463764071464539
1312	0.3050847457627119	0.2727272727272727	0.5474312901496887
1313	0.3076923076923077	0.2727272727272727	0.5504221320152283
1314	0.3103448275862069	0.2727272727272727	0.5511237382888794
1315	0.30434782608695654	0.26515151515151514	0.551780104637146
1316	0.30701754385964913	0.26515151515151514	0.5528048276901245
1317	0.30973451327433627	0.26515151515151514	0.5535646677017212
1318	0.3125	0.26515151515151514	0.5541318655014038
1319	0.3153153153153153	0.26515151515151514	0.5557976961135864
1320	0.3181818181818182	0.26515151515151514	0.5560152530670166
1321	0.3211009174311927	0.26515151515151514	0.5563114881515503
1322	0.32407407407407407	0.26515151515151514	0.5580342411994934
1323	0.3177570093457944	0.25757575757575757	0.5581921935081482
1324	0.32075471698113206	0.25757575757575757	0.5582470893859863
1325	0.3269230769230769	0.25757575757575757	0.5599128603935242
1326	0.3300970873786408	0.25757575757575757	0.560064435005188
1327	0.3333333333333333	0.25757575757575757	0.5606051087379456
1328	0.33663366336633666	0.25757575757575757	0.561463475227356
1329	0.34	0.25757575757575757	0.5615600943565369
1330	0.3434343434343434	0.25757575757575757	0.5632016658782959
1331	0.3469387755102041	0.25757575757575757	0.5633233189582825
1332	0.35051546391752575	0.25757575757575757	0.565916895866394
1333	0.3541666666666667	0.25757575757575757	0.5660480260848999
1334	0.35789473684210527	0.25757575757575757	0.5665993094444275
1335	0.3617021276595745	0.25757575757575757	0.5672392249107361
1336	0.3655913978494624	0.25757575757575757	0.5704503059387207
1337	0.358695652173913	0.25	0.5705314874649048
1338	0.3626373626373626	0.25	0.5706176161766052
1339	0.36666666666666664	0.25	0.5717082619667053
1340	0.3707865168539326	0.25	0.5731784105300903
1341	0.375	0.25	0.5735882520675659
1342	0.3793103448275862	0.25	0.5757768154144287
1343	0.38372093023255816	0.25	0.5776146650314331
1344	0.38823529411764707	0.25	0.57765793800354
1345	0.39285714285714285	0.25	0.5778549313545227
1346	0.39759036144578314	0.25	0.5779579877853394
1347	0.3902439024390244	0.24242424242424243	0.5786210894584656
1348	0.38271604938271603	0.23484848484848486	0.5791269540786743
1349	0.3875	0.23484848484848486	0.5802470445632935
1350	0.3924050632911392	0.23484848484848486	0.580843985080719
1351	0.3974358974358974	0.23484848484848486	0.5812271237373352
1352	0.4025974025974026	0.23484848484848486	0.5835286974906921
1353	0.40789473684210525	0.23484848484848486	0.5841138958930969
1354	0.41333333333333333	0.23484848484848486	0.5845003724098206
1355	0.4189189189189189	0.23484848484848486	0.5881500840187073
1356	0.4246575342465753	0.23484848484848486	0.5882115960121155
1357	0.4166666666666667	0.22727272727272727	0.5897751450538635
1358	0.4225352112676056	0.22727272727272727	0.5903276205062866
1359	0.42857142857142855	0.22727272727272727	0.5909826159477234
1360	0.43478260869565216	0.22727272727272727	0.5942301154136658
1361	0.4411764705882353	0.22727272727272727	0.5952813029289246
1362	0.44776119402985076	0.22727272727272727	0.6014722585678101
1363	0.45454545454545453	0.22727272727272727	0.6032435894012451
1364	0.46153846153846156	0.22727272727272727	0.6046134829521179
1365	0.46875	0.22727272727272727	0.6059843897819519
1366	0.47619047619047616	0.22727272727272727	0.609440267086029
1367	0.4838709677419355	0.22727272727272727	0.6098601222038269
1368	0.47540983606557374	0.2196969696969697	0.6117717623710632
1369	0.4666666666666667	0.21212121212121213	0.6120204329490662
1370	0.4576271186440678	0.20454545454545456	0.6130678057670593
1371	0.46551724137931033	0.20454545454545456	0.6154080629348755
1372	0.45614035087719296	0.19696969696969696	0.6156678199768066
1373	0.44642857142857145	0.1893939393939394	0.6160861849784851
1374	0.45454545454545453	0.1893939393939394	0.6163874864578247
1375	0.46296296296296297	0.1893939393939394	0.6169570088386536
1376	0.4528301886792453	0.18181818181818182	0.6187077760696411
1377	0.46153846153846156	0.18181818181818182	0.6202232837677002
1378	0.47058823529411764	0.18181818181818182	0.620370090007782
1379	0.48	0.18181818181818182	0.621712863445282
1380	0.46938775510204084	0.17424242424242425	0.6218733787536621
1381	0.4791666666666667	0.17424242424242425	0.6223456263542175
1382	0.46808510638297873	0.16666666666666666	0.626230001449585
1383	0.4782608695652174	0.16666666666666666	0.62627774477005
1384	0.4888888888888889	0.16666666666666666	0.6291954517364502
1385	0.5	0.16666666666666666	0.6304483413696289
1386	0.5116279069767442	0.16666666666666666	0.6340721845626831
1387	0.5238095238095238	0.16666666666666666	0.6388580799102783
1388	0.5121951219512195	0.1590909090909091	0.6390405297279358
1389	0.525	0.1590909090909091	0.640428900718689
1390	0.5384615384615384	0.1590909090909091	0.6408430933952332
1391	0.5526315789473685	0.1590909090909091	0.6441435217857361
1392	0.5675675675675675	0.1590909090909091	0.6510359048843384
1393	0.5833333333333334	0.1590909090909091	0.6531140804290771
1394	0.5714285714285714	0.15151515151515152	0.6555890440940857
1395	0.5882352941176471	0.15151515151515152	0.6585224270820618
1396	0.5757575757575758	0.14393939393939395	0.6588228940963745
1397	0.5625	0.13636363636363635	0.6624085903167725
1398	0.5483870967741935	0.12878787878787878	0.6644083261489868
1399	0.5666666666666667	0.12878787878787878	0.6688625812530518
1400	0.5862068965517241	0.12878787878787878	0.6706637144088745
1401	0.5714285714285714	0.12121212121212122	0.6717659831047058
1402	0.5555555555555556	0.11363636363636363	0.6738607287406921
1403	0.5769230769230769	0.11363636363636363	0.6747932434082031
1404	0.6	0.11363636363636363	0.6753154397010803
1405	0.5833333333333334	0.10606060606060606	0.6754100918769836
1406	0.6086956521739131	0.10606060606060606	0.6834050416946411
1407	0.6363636363636364	0.10606060606060606	0.68417888879776
1408	0.6666666666666666	0.10606060606060606	0.6848587989807129
1409	0.65	0.09848484848484848	0.6854794025421143
1410	0.6842105263157895	0.09848484848484848	0.6884904503822327
1411	0.7222222222222222	0.09848484848484848	0.691813588142395
1412	0.7058823529411765	0.09090909090909091	0.6922591328620911
1413	0.6875	0.08333333333333333	0.6933209896087646
1414	0.6666666666666666	0.07575757575757576	0.6942533254623413
1415	0.6428571428571429	0.06818181818181818	0.696660578250885
1416	0.6153846153846154	0.06060606060606061	0.6967349648475647
1417	0.5833333333333334	0.05303030303030303	0.6980424523353577
1418	0.5454545454545454	0.045454545454545456	0.7009692788124084
1419	0.6	0.045454545454545456	0.7038933038711548
1420	0.6666666666666666	0.045454545454545456	0.7065675258636475
1421	0.625	0.03787878787878788	0.7076495885848999
1422	0.7142857142857143	0.03787878787878788	0.7139773368835449
1423	0.8333333333333334	0.03787878787878788	0.7158700227737427
1424	1.0	0.03787878787878788	0.7159284353256226
1425	1.0	0.030303030303030304	0.7180406451225281
1426	1.0	0.022727272727272728	0.7238677740097046
1427	1.0	0.015151515151515152	0.735090434551239
1428	1.0	0.007575757575757576	0.7514590620994568
1429	1.0	0.0	
